1 5185
2 5186
3 5187
4 5188
5 5189
6 5190
7 5191
8 5192
9 5193
10 5194
11 5195
12 5196
13 5197
14 5198
15 5199
16 5200
17 5202
18 5203
19 5204
20 5206
21 5207
22 5211
23 5212
24 5213
25 5214
26 5221
27 5222
28 5223
29 5224
30 5225
31 5230
32 5231
33 5234
34 5250
35 5252
36 5254
37 5255
38 5256
39 5257
40 5259
41 5260
42 5261
43 5263
44 5267
45 5270
46 5272
47 5274
48 5275
49 5277
50 5279
51 5281
52 5282
53 5283
54 5287
55 5288
56 5290
57 5292
58 5293
59 5295
60 5296
61 5298
62 5301
63 5302
64 5303
65 5307
66 5309
67 5314
68 5317
69 5330
70 5336
71 5340
72 5341
73 5345
74 5346
75 5354
76 5355
77 5360
78 5361
79 5362
80 5363
81 5364
82 5369
83 5370
84 5371
85 5372
86 5373
87 5374
88 5377
89 5379
90 5381
91 5382
92 5383
93 5384
94 5388
95 5390
96 5391
97 5397
98 5399
99 5402
100 5403
101 5411
102 5413
103 5420
104 5421
105 5424
106 5425
107 5426
108 5430
109 5432
110 5433
111 5434
112 5435
113 5436
114 5437
115 5438
116 5440
117 5442
118 5454
119 5455
120 5456
121 5457
122 5458
123 5459
124 5465
125 5466
126 5467
127 5468
128 5469
129 5470
130 5473
131 5474
132 5475
133 5480
134 5481
135 5482
136 5511
137 5512
138 5518
139 5520
140 5529
141 5530
142 5531
143 5534
144 5535
145 5536
146 5538
147 5540
148 5542
149 5543
150 5546
151 5547
152 5548
153 5559
154 5560
155 5561
156 5562
157 5563
158 5564
159 5565
160 5566
161 5567
162 5568
163 5569
164 5570
165 5578
166 5581
167 5582
168 5586
169 5588
170 5589
171 5590
172 5591
173 5592
174 5593
175 5594
176 5595
177 5596
178 5602
179 5605
180 5610
181 5611
182 5623
183 5662
184 5663
185 5667
186 5668
187 5673
188 5674
189 5675
190 5676
191 5677
192 5678
193 5682
194 5684
195 5686
196 5690
197 5693
198 5696
199 5703
200 5714
201 5722
202 5724
203 5726
204 5727
205 5728
206 5729
207 5730
208 5731
209 5741
210 5742
211 5744
212 5747
213 5748
214 5749
215 5751
216 5756
217 5757
218 5758
219 5759
220 5760
221 5762
222 5763
223 5772
224 5773
225 5774
226 5776
227 5779
228 5782
229 5784
230 5785
231 5786
232 5790
233 5791
234 5797
235 5798
236 5803
237 5811
238 5823
239 5824
240 5826
241 5829
242 5830
243 5831
244 5836
245 5838
246 5841
247 5842
248 5848
249 5855
250 5856
251 5858
252 5859
253 5867
254 5868
255 5871
256 5872
257 5873
258 5875
259 5876
260 5882
261 5884
262 5894
263 5895
264 5896
265 5897
266 5913
267 5924
268 5946
269 5947
270 5950
271 5951
272 5956
273 5963
274 5964
275 5965
276 5966
277 5969
278 5971
279 5972
280 5973
281 5974
282 5976
283 5979
284 5981
285 5982
286 5983
287 5985
288 5986
289 5987
290 5988
291 5989
292 5990
293 5991
294 5992
295 5993
296 5996
297 6000
298 6001
299 6002
300 6005
301 6007
302 6008
303 6009
304 6019
305 6020
306 6021
307 6022
308 6023
309 6024
310 6025
311 6028
312 6036
313 6037
314 6039
315 6040
316 6042
317 6043
318 6045
319 6046
320 6054
321 6055
322 6056
323 6057
324 6058
325 6059
326 6060
327 6062
328 6063
329 6064
330 6065
331 6068
332 6069
333 6070
334 6071
335 6073
336 6074
337 6075
338 6077
339 6078
340 6079
341 6081
342 6083
343 6084
344 6085
345 6087
346 6090
347 6091
348 6092
349 6100
350 6101
351 6102
352 6103
353 6104
354 6105
355 6112
356 6113
357 6114
358 6120
359 6121
360 6126
361 6127
362 6128
363 6129
364 6130
365 6132
366 6133
367 6134
368 6135
369 6136
370 6137
371 6138
372 6139
373 6140
374 6144
375 6147
376 6148
377 6149
378 6151
379 6157
380 6158
381 6159
382 6162
383 6168
384 6169
385 6175
386 6177
387 6183
388 6184
389 6185
390 6187
391 6188
392 6189
393 6190
394 6192
395 6193
396 6199
397 6200
398 6201
399 6202
400 6204
401 6208
402 6214
403 6222
404 6223
405 6224
406 6225
407 6226
408 6232
409 6233
410 6234
411 6235
412 6237
413 6238
414 6239
415 6240
416 6241
417 6242
418 6244
419 6245
420 6246
421 6247
422 6248
423 6249
424 6250
425 6254
426 6255
427 6258
428 6266
429 6270
430 6271
431 6272
432 6273
433 6274
434 6277
435 6278
436 6282
437 6286
438 6287
439 6288
440 6290
441 6293
442 6294
443 6295
444 6297
445 6306
446 6307
447 6312
448 6313
449 6316
450 6317
451 6318
452 6319
453 6320
454 6321
455 6322
456 6323
457 6326
458 6327
459 6333
460 6334
461 6335
462 6337
463 6338
464 6341
465 6342
466 6346
467 6349
468 6350
469 6351
470 6352
471 6354
472 6357
473 6359
474 6360
475 6361
476 6362
477 6363
478 6366
479 6367
480 6368
481 6369
482 6371
483 6372
484 6373
485 6374
486 6383
487 6388
488 6389
489 6393
490 6394
491 6395
492 6396
493 6397
494 6398
495 6399
496 6400
497 6401
498 6402
499 6403
500 6404
501 6408
502 6409
503 6416
504 6428
505 6433
506 6439
507 6440
508 6451
509 6455
510 6456
511 6462
512 6466
513 6471
514 6475
515 6478
516 6479
517 6482
518 6483
519 6484
520 6485
521 6486
522 6490
523 6491
524 6495
525 6497
526 6500
527 6501
528 6503
529 6504
530 6505
531 6507
532 6509
533 6510
534 6512
535 6513
536 6514
537 6516
538 6517
539 6518
540 6521
541 6522
542 6523
543 6524
544 6526
545 6527
546 6528
547 6529
548 6530
549 6533
550 6534
551 6535
552 6536
553 6537
554 6540
555 6541
556 6542
557 6543
558 6544
559 6554
560 6555
561 6556
562 6558
563 6570
564 6571
565 6572
566 6573
567 6576
568 6577
569 6578
570 6582
571 6585
572 6586
573 6587
574 6588
575 6592
576 6593
577 6594
578 6595
579 6596
580 6599
581 6600
582 6602
583 6606
584 6607
585 6608
586 6609
587 6610
588 6617
589 6618
590 6633
591 6635
592 6636
593 6637
594 6650
595 6658
596 6672
597 6673
598 6675
599 6678
600 6679
601 6681
602 6682
603 6683
604 6688
605 6690
606 6691
607 6693
608 6697
609 6698
610 6701
611 6702
612 6703
613 6705
614 6706
615 6708
616 6715
617 6721
618 6722
619 6723
620 6724
621 6739
622 6740
623 6743
624 6744
625 6752
626 6753
627 6754
628 6758
629 6760
630 6761
631 6763
632 6764
633 6765
634 6774
635 6778
636 6782
637 6784
638 6787
639 6788
640 6789
641 6790
642 6791
643 6796
644 6801
645 6803
646 6810
647 6818
648 6819
649 6820
650 6825
651 6826
652 6830
653 6831
654 6833
655 6837
656 6839
657 6840
658 6841
659 6842
660 6843
661 6846
662 6847
663 6848
664 6851
665 6853
666 6855
667 6856
668 6857
669 6858
670 6859
671 6868
672 6869
673 6870
674 6871
675 6876
676 6877
677 6878
678 6879
679 6880
680 6881
681 6892
682 6895
683 6897
684 6899
685 6901
686 6903
687 6906
688 6910
689 6914
690 6927
691 6928
692 6935
693 6937
694 6942
695 6945
696 6950
697 6951
698 6952
699 6954
700 6958
701 6964
702 6966
703 6967
704 6968
705 6974
706 6976
707 6981
708 6984
709 6985
710 6986
711 6987
712 6994
713 7001
714 7003
715 7006
716 7007
717 7011
718 7012
719 7016
720 7017
721 7018
722 7019
723 7020
724 7021
725 7025
726 7026
727 7034
728 7035
729 7036
730 7037
731 7041
732 7044
733 7045
734 7047
735 7056
736 7059
737 7064
738 7068
739 7075
740 7076
741 7077
742 7078
743 7080
744 7082
745 7083
746 7085
747 7090
748 7098
749 7099
750 7102
751 7103
752 7104
753 7105
754 7106
755 7107
756 7108
757 7109
758 7110
759 7112
760 7113
761 7115
762 7117
763 7118
764 7119
765 7120
766 7121
767 7122
768 7125
769 7126
770 7128
771 7129
772 7130
773 7132
774 7136
775 7137
776 7138
777 7142
778 7143
779 7144
780 7145
781 7149
782 7150
783 7151
784 7152
785 7153
786 7156
787 7157
788 7158
789 7159
790 7160
791 7161
792 7162
793 7174
794 7177
795 7178
796 7179
797 7180
798 7181
799 7182
800 7183
801 7184
802 7185
803 7186
804 7187
805 7188
806 7189
807 7190
808 7191
809 7192
810 7193
811 7195
812 7196
813 7197
814 7198
815 7201
816 7203
817 7204
818 7208
819 7209
820 7210
821 7211
822 7212
823 7213
824 7214
825 7216
826 7217
827 7218
828 7219
829 7220
830 7221
831 7222
832 7223
833 7224
834 7225
835 7226
836 7227
837 7229
838 7233
839 7240
840 7241
841 7242
842 7243
843 7244
844 7245
845 7246
846 7247
847 7248
848 7249
849 7250
850 7251
851 7252
852 7253
853 7255
854 7256
855 7257
856 7258
857 7259
858 7261
859 7262
860 7263
861 7264
862 7265
863 7266
864 7268
865 7270
866 7277
867 7280
868 7281
869 7282
870 7283
871 7284
872 7285
873 7286
874 7287
875 7291
876 7292
877 7293
878 7294
879 7296
880 7303
881 7304
882 7305
883 7306
884 7308
885 7309
886 7310
887 7319
888 7323
889 7324
890 7327
891 7328
892 7329
893 7331
894 7332
895 7333
896 7334
897 7335
898 7336
899 7338
900 7339
901 7340
902 7344
903 7347
904 7350
905 7352
906 7353
907 7355
908 7360
909 7363
910 7364
911 7367
912 7368
913 7369
914 7370
915 7389
916 7390
917 7393
918 7398
919 7399
920 7401
921 7402
922 7403
923 7404
924 7405
925 7406
926 7407
927 7408
928 7409
929 7410
930 7411
931 7412
932 7415
933 7416
934 7417
935 7418
936 7419
937 7420
938 7421
939 7422
940 7423
941 7426
942 7429
943 7430
944 7431
945 7437
946 7438
947 7439
948 7440
949 7441
950 7442
951 7443
952 7444
953 7445
954 7446
955 7447
956 7448
957 7449
958 7450
959 7451
960 7454
961 7455
962 7456
963 7457
964 7462
965 7475
966 7476
967 7477
968 7479
969 7480
970 7482
971 7485
972 7486
973 7498
974 7499
975 7500
976 7502
977 7504
978 7505
979 7506
980 7507
981 7508
982 7509
983 7511
984 7512
985 7513
986 7514
987 7520
988 7524
989 7525
990 7527
991 7528
992 7533
993 7544
994 7545
995 7547
996 7550
997 7554
998 7555
999 7556
1000 7557
1001 7558
1002 7560
1003 7561
1004 7562
1005 7563
1006 7564
1007 7565
1008 7566
1009 7567
1010 7568
1011 7570
1012 7571
1013 7572
1014 7573
1015 7574
1016 7575
1017 7576
1018 7577
1019 7579
1020 7580
1021 7581
1022 7582
1023 7583
1024 7584
1025 7587
1026 7592
1027 7593
1028 7594
1029 7597
1030 7598
1031 7599
1032 7600
1033 7601
1034 7603
1035 7604
1036 7609
1037 7610
1038 7613
1039 7622
1040 7623
1041 7624
1042 7625
1043 7626
1044 7627
1045 7628
1046 7629
1047 7630
1048 7632
1049 7634
1050 7635
1051 7636
1052 7640
1053 7650
1054 7651
1055 7654
1056 7656
1057 7661
1058 7664
1059 7681
1060 7685
1061 7687
1062 7691
1063 7692
1064 7693
1065 7694
1066 7695
1067 7696
1068 7697
1069 7698
1070 7700
1071 7701
1072 7702
1073 7703
1074 7704
1075 7705
1076 7709
1077 7710
1078 7711
1079 7712
1080 7714
1081 7717
1082 7719
1083 7725
1084 7732
1085 7734
1086 7735
1087 7736
1088 7738
1089 7739
1090 7740
1091 7741
1092 7745
1093 7753
1094 7757
1095 7758
1096 7759
1097 7760
1098 7762
1099 7763
1100 7765
1101 7766
1102 7767
1103 7768
1104 7769
1105 7770
1106 7772
1107 7778
1108 7779
1109 7781
1110 7782
1111 7785
1112 7788
1113 7790
1114 7792
1115 7793
1116 7794
1117 7795
1118 7796
1119 7797
1120 7798
1121 7799
1122 7800
1123 7801
1124 7802
1125 7804
1126 7805
1127 7807
1128 7808
1129 7810
1130 7811
1131 7822
1132 7823
1133 7824
1134 7825
1135 7826
1136 7829
1137 7831
1138 7832
1139 7834
1140 7835
1141 7836
1142 7838
1143 7841
1144 7842
1145 7843
1146 7845
1147 7846
1148 7847
1149 7848
1150 7849
1151 7850
1152 7851
1153 7855
1154 7856
1155 7858
1156 7864
1157 7865
1158 7866
1159 7867
1160 7868
1161 7869
1162 7870
1163 7871
1164 7872
1165 7879
1166 7880
1167 7881
1168 7883
1169 7889
1170 7890
1171 7891
1172 7897
1173 7905
1174 7912
1175 7917
1176 7918
1177 7919
1178 7920
1179 7921
1180 7922
1181 7923
1182 7924
1183 7931
1184 7932
1185 7933
1186 7939
1187 7942
1188 7946
1189 7947
1190 7949
1191 7950
1192 7951
1193 7952
1194 7953
1195 7954
1196 7955
1197 7956
1198 7958
1199 7959
1200 7963
1201 7969
1202 7970
1203 7971
1204 7976
1205 7977
1206 7979
1207 7980
1208 7987
1209 7989
1210 7991
1211 7993
1212 7997
1213 7998
1214 8002
1215 8004
1216 8005
1217 8007
1218 8009
1219 8011
1220 8012
1221 8013
1222 8015
1223 8016
1224 8021
1225 8022
1226 8023
1227 8026
1228 8027
1229 8028
1230 8029
1231 8030
1232 8033
1233 8034
1234 8037
1235 8038
1236 8039
1237 8041
1238 8046
1239 8047
1240 8048
1241 8049
1242 8050
1243 8051
1244 8055
1245 8057
1246 8058
1247 8060
1248 8061
1249 8063
1250 8064
1251 8066
1252 8067
1253 8068
1254 8069
1255 8073
1256 8075
1257 8076
1258 8079
1259 8080
1260 8085
1261 8086
1262 8089
1263 8092
1264 8093
1265 8097
1266 8115
1267 8120
1268 8121
1269 8122
1270 8123
1271 8124
1272 8130
1273 8131
1274 8132
1275 8133
1276 8134
1277 8135
1278 8144
1279 8145
1280 8149
1281 8157
1282 8158
1283 8159
1284 8161
1285 8164
1286 8176
1287 8180
1288 8185
1289 8187
1290 8188
1291 8189
1292 8191
1293 8192
1294 8194
1295 8195
1296 8196
1297 8197
1298 8198
1299 8199
1300 8200
1301 8201
1302 8202
1303 8205
1304 8206
1305 8207
1306 8214
1307 8217
1308 8219
1309 8220
1310 8221
1311 8222
1312 8231
1313 8232
1314 8233
1315 8235
1316 8236
1317 8239
1318 8240
1319 8241
1320 8242
1321 8243
1322 8246
1323 8249
1324 8251
1325 8252
1326 8254
1327 8258
1328 8259
1329 8260
1330 8265
1331 8268
1332 8269
1333 8278
1334 8287
1335 8288
1336 8304
1337 8307
1338 8310
1339 8311
1340 8312
1341 8315
1342 8316
1343 8317
1344 8326
1345 8330
1346 8334
1347 8337
1348 8341
1349 8347
1350 8348
1351 8368
1352 8369
1353 8376
1354 8382
1355 8385
1356 8386
1357 8387
1358 8388
1359 8389
1360 8393
1361 8400
1362 8401
1363 8402
1364 8405
1365 8406
1366 8407
1367 8409
1368 8412
1369 8413
1370 8414
1371 8415
1372 8416
1373 8417
1374 8418
1375 8419
1376 8420
1377 8424
1378 8425
1379 8426
1380 8428
1381 8429
1382 8431
1383 8432
1384 8433
1385 8434
1386 8435
1387 8436
1388 8438
1389 8439
1390 8440
1391 8441
1392 8442
1393 8443
1394 8444
1395 8445
1396 8446
1397 8447
1398 8448
1399 8449
1400 8450
1401 8451
1402 8453
1403 8454
1404 8455
1405 8456
1406 8457
1407 8458
1408 8459
1409 8460
1410 8461
1411 8462
1412 8464
1413 8465
1414 8466
1415 8467
1416 8468
1417 8469
1418 8471
1419 8473
1420 8474
1421 8475
1422 8476
1423 8477
1424 8478
1425 8479
1426 8482
1427 8483
1428 8484
1429 8485
1430 8486
1431 8487
1432 8490
1433 8491
1434 8492
1435 8494
1436 8496
1437 8497
1438 8504
1439 8505
1440 8506
1441 8507
1442 8508
1443 8509
1444 8510
1445 8511
1446 8512
1447 8513
1448 8514
1449 8515
1450 8516
1451 8517
1452 8518
1453 8519
1454 8520
1455 8521
1456 8530
1457 8531
1458 8532
1459 8537
1460 8541
1461 8542
1462 8544
1463 8545
1464 8546
1465 8547
1466 8548
1467 8551
1468 8552
1469 8553
1470 8554
1471 8555
1472 8556
1473 8558
1474 8561
1475 8562
1476 8564
1477 8576
1478 8579
1479 8580
1480 8581
1481 8582
1482 8583
1483 8584
1484 8585
1485 8586
1486 8587
1487 8588
1488 8589
1489 8590
1490 8591
1491 8592
1492 8593
1493 8594
1494 8595
1495 8596
1496 8597
1497 8598
1498 8602
1499 8604
1500 8609
1501 8610
1502 8611
1503 8612
1504 8613
1505 8614
1506 8615
1507 8616
1508 8624
1509 8625
1510 8626
1511 8627
1512 8628
1513 8629
1514 8630
1515 8638
1516 8639
1517 8640
1518 8641
1519 8642
1520 8651
1521 8652
1522 8654
1523 8655
1524 8656
1525 8658
1526 8659
1527 8660
1528 8667
1529 8668
1530 8669
1531 8670
1532 8671
1533 8672
1534 8673
1535 8674
1536 8675
1537 8676
1538 8677
1539 8678
1540 8681
1541 8682
1542 8683
1543 8684
1544 8685
1545 8686
1546 8687
1547 8688
1548 8689
1549 8690
1550 8701
1551 8704
1552 8705
1553 8706
1554 8707
1555 8708
1556 8709
1557 8712
1558 8716
1559 8717
1560 8719
1561 8721
1562 8723
1563 8724
1564 8725
1565 8726
1566 8727
1567 8728
1568 8751
1569 8757
1570 8762
1571 8763
1572 8764
1573 8765
1574 8766
1575 8767
1576 8768
1577 8769
1578 8777
1579 8778
1580 8779
1581 8780
1582 8781
1583 8782
1584 8783
1585 8830
1586 8832
1587 8834
1588 8836
1589 8837
1590 8838
1591 8839
1592 8840
1593 8841
1594 8844
1595 8845
1596 8846
1597 8851
1598 8857
1599 8860
1600 8862
1601 8863
1602 8864
1603 8867
1604 8868
1605 8874
1606 8878
1607 8880
1608 8881
1609 8882
1610 8883
1611 8884
1612 8886
1613 8887
1614 8888
1615 8890
1616 8891
1617 8892
1618 8914
1619 8919
1620 8922
1621 8924
1622 8927
1623 8930
1624 8933
1625 8935
1626 8937
1627 8939
1628 8942
1629 8943
1630 8945
1631 8951
1632 8952
1633 8955
1634 8958
1635 8959
1636 8961
1637 8963
1638 8967
1639 8972
1640 8974
1641 8975
1642 8976
1643 8977
1644 8978
1645 8979
1646 8985
1647 8986
1648 8989
1649 8997
1650 8999
1651 9006
1652 9010
1653 9011
1654 9012
1655 9016
1656 9018
1657 9020
1658 9021
1659 9022
1660 9023
1661 9026
1662 9028
1663 9029
1664 9030
1665 9031
1666 9032
1667 9033
1668 9035
1669 9036
1670 9037
1671 9041
1672 9042
1673 9043
1674 9045
1675 9046
1676 9047
1677 9048
1678 9054
1679 9072
1680 9073
1681 9075
1682 9079
1683 9081
1684 9086
1685 9087
1686 9091
1687 9092
1688 9094
1689 9095
1690 9096
1691 9099
1692 9102
1693 9104
1694 9105
1695 9106
1696 9108
1697 9111
1698 9112
1699 9113
1700 9114
1701 9115
1702 9116
1703 9117
1704 9118
1705 9126
1706 9128
1707 9129
1708 9130
1709 9133
1710 9134
1711 9135
1712 9142
1713 9144
1714 9145
1715 9158
1716 9159
1717 9160
1718 9164
1719 9167
1720 9170
1721 9173
1722 9191
1723 9192
1724 9200
1725 9201
1726 9205
1727 9206
1728 9208
1729 9209
1730 9210
1731 9217
1732 9218
1733 9219
1734 9222
1735 9223
1736 9224
1737 9225
1738 9226
1739 9227
1740 9228
1741 9229
1742 9231
1743 9233
1744 9234
1745 9235
1746 9236
1747 9237
1748 9238
1749 9240
1750 9241
1751 9242
1752 9243
1753 9244
1754 9245
1755 9247
1756 9248
1757 9249
1758 9250
1759 9251
1760 9252
1761 9255
1762 9256
1763 9261
1764 9262
1765 9263
1766 9264
1767 9265
1768 9267
1769 9268
1770 9269
1771 9270
1772 9271
1773 9272
1774 9273
1775 9274
1776 9276
1777 9277
1778 9281
1779 9282
1780 9283
1781 9284
1782 9285
1783 9287
1784 9288
1785 9289
1786 9290
1787 9292
1788 9293
1789 9294
1790 9295
1791 9296
1792 9297
1793 9298
1794 9300
1795 9302
1796 9303
1797 9304
1798 9305
1799 9306
1800 9307
1801 9308
1802 9310
1803 9311
1804 9312
1805 9313
1806 9314
1807 9315
1808 9317
1809 9321
1810 9323
1811 9325
1812 9326
1813 9327
1814 9328
1815 9329
1816 9330
1817 9334
1818 9336
1819 9338
1820 9339
1821 9341
1822 9342
1823 9347
1824 9348
1825 9349
1826 9350
1827 9351
1828 9352
1829 9354
1830 9355
1831 9357
1832 9358
1833 9361
1834 9363
1835 9364
1836 9365
1837 9369
1838 9378
1839 9379
1840 9380
1841 9381
1842 9382
1843 9385
1844 9387
1845 9388
1846 9389
1847 9390
1848 9391
1849 9392
1850 9393
1851 9394
1852 9395
1853 9396
1854 9397
1855 9399
1856 9400
1857 9407
1858 9408
1859 9409
1860 9410
1861 9411
1862 9416
1863 9420
1864 9421
1865 9422
1866 9423
1867 9424
1868 9425
1869 9426
1870 9427
1871 9428
1872 9429
1873 9435
1874 9436
1875 9439
1876 9440
1877 9441
1878 9442
1879 9443
1880 9444
1881 9445
1882 9446
1883 9448
1884 9449
1885 9450
1886 9453
1887 9455
1888 9457
1889 9459
1890 9461
1891 9464
1892 9466
1893 9467
1894 9470
1895 9471
1896 9472
1897 9473
1898 9474
1899 9475
1900 9476
1901 9477
1902 9479
1903 9484
1904 9485
1905 9489
1906 9492
1907 9494
1908 9501
1909 9502
1910 9503
1911 9505
1912 9507
1913 9508
1914 9510
1915 9511
1916 9512
1917 9514
1918 9518
1919 9519
1920 9522
1921 9524
1922 9526
1923 9532
1924 9533
1925 9536
1926 9537
1927 9543
1928 9544
1929 9545
1930 9549
1931 9553
1932 9554
1933 9555
1934 9556
1935 9561
1936 9563
1937 9564
1938 9565
1939 9567
1940 9568
1941 9575
1942 9577
1943 9578
1944 9579
1945 9582
1946 9583
1947 9584
1948 9585
1949 9586
1950 9587
1951 9588
1952 9592
1953 9594
1954 9595
1955 9596
1956 9597
1957 9598
1958 9607
1959 9611
1960 9612
1961 9615
1962 9620
1963 9621
1964 9622
1965 9623
1966 9626
1967 9631
1968 9632
1969 9633
1970 9634
1971 9636
1972 9641
1973 9643
1974 9660
1975 9670
1976 9673
1977 9675
1978 9683
1979 9684
1980 9690
1981 9695
1982 9699
1983 9704
1984 9707
1985 9709
1986 9710
1987 9711
1988 9712
1989 9713
1990 9718
1991 9719
1992 9720
1993 9721
1994 9723
1995 9724
1996 9725
1997 9726
1998 9727
1999 9728
2000 9729
2001 9730
2002 9733
2003 9734
2004 9735
2005 9736
2006 9737
2007 9738
2008 9739
2009 9740
2010 9741
2011 9742
2012 9743
2013 9744
2014 9745
2015 9746
2016 9747
2017 9750
2018 9751
2019 9754
2020 9755
2021 9758
2022 9759
2023 9760
2024 9761
2025 9762
2026 9763
2027 9764
2028 9765
2029 9766
2030 9768
2031 9769
2032 9771
2033 9773
2034 9774
2035 9775
2036 9778
2037 9779
2038 9780
2039 9781
2040 9782
2041 9783
2042 9786
2043 9787
2044 9788
2045 9789
2046 9790
2047 9795
2048 9796
2049 9797
2050 9798
2051 9799
2052 9801
2053 9803
2054 9804
2055 9807
2056 9809
2057 9810
2058 9812
2059 9813
2060 9815
2061 9816
2062 9819
2063 9821
2064 9822
2065 9823
2066 9828
2067 9829
2068 9830
2069 9831
2070 9834
2071 9840
2072 9841
2073 9842
2074 9843
2075 9844
2076 9845
2077 9847
2078 9848
2079 9851
2080 9853
2081 9854
2082 9858
2083 9859
2084 9865
2085 9873
2086 9894
2087 9899
2088 9901
2089 9902
2090 9903
2091 9904
2092 9908
2093 9910
2094 9911
2095 9914
2096 9915
2097 9917
2098 9920
2099 9921
2100 9930
2101 9931
2102 9932
2103 9934
2104 9939
2105 9940
2106 9941
2107 9942
2108 9943
2109 9944
2110 9945
2111 9946
2112 9947
2113 9950
2114 9951
2115 9954
2116 9957
2117 9958
2118 9959
2119 9960
2120 9963
2121 9964
2122 9965
2123 9966
2124 9967
2125 9968
2126 9969
2127 9970
2128 9971
2129 9974
2130 9978
2131 9981
2132 9983
2133 9984
2134 9985
2135 9986
2136 9987
2137 9988
2138 9994
2139 9997
2140 9998
2141 9999
2142 10000
2143 10003
2144 10005
2145 10016
2146 10018
2147 10019
2148 10026
2149 10028
2150 10031
2151 10034
2152 10035
2153 10038
2154 10039
2155 10044
2156 10047
2157 10048
2158 10049
2159 10050
2160 10056
2161 10057
2162 10058
2163 10059
2164 10065
2165 10066
2166 10067
2167 10071
2168 10073
2169 10074
2170 10078
2171 10079
2172 10080
2173 10081
2174 10082
2175 10087
2176 10089
2177 10091
2178 10092
2179 10093
2180 10094
2181 10096
2182 10097
2183 10098
2184 10099
2185 10100
2186 10101
2187 10102
2188 10105
2189 10106
2190 10107
2191 10110
2192 10111
2193 10112
2194 10113
2195 10115
2196 10116
2197 10117
2198 10118
2199 10119
2200 10120
2201 10121
2202 10122
2203 10123
2204 10124
2205 10125
2206 10126
2207 10127
2208 10128
2209 10129
2210 10130
2211 10131
2212 10132
2213 10133
2214 10134
2215 10135
2216 10136
2217 10137
2218 10138
2219 10139
2220 10140
2221 10141
2222 10142
2223 10143
2224 10144
2225 10145
2226 10146
2227 10147
2228 10148
2229 10149
2230 10150
2231 10151
2232 10152
2233 10153
2234 10154
2235 10155
2236 10156
2237 10158
2238 10160
2239 10162
2240 10163
2241 10166
2242 10167
2243 10169
2244 10170
2245 10173
2246 10182
2247 10183
2248 10184
2249 10187
2250 10188
2251 10189
2252 10191
2253 10193
2254 10194
2255 10200
2256 10201
2257 10203
2258 10209
2259 10212
2260 10213
2261 10215
2262 10218
2263 10219
2264 10222
2265 10223
2266 10224
2267 10225
2268 10226
2269 10227
2270 10228
2271 10229
2272 10230
2273 10232
2274 10233
2275 10237
2276 10239
2277 10241
2278 10243
2279 10245
2280 10246
2281 10250
2282 10251
2283 10253
2284 10259
2285 10260
2286 10262
2287 10263
2288 10265
2289 10266
2290 10267
2291 10268
2292 10271
2293 10272
2294 10274
2295 10276
2296 10277
2297 10278
2298 10279
2299 10280
2300 10282
2301 10283
2302 10284
2303 10286
2304 10287
2305 10297
2306 10298
2307 10299
2308 10300
2309 10301
2310 10302
2311 10303
2312 10310
2313 10311
2314 10312
2315 10314
2316 10316
2317 10317
2318 10320
2319 10321
2320 10323
2321 10324
2322 10326
2323 10329
2324 10333
2325 10334
2326 10336
2327 10337
2328 10338
2329 10339
2330 10340
2331 10341
2332 10342
2333 10345
2334 10346
2335 10349
2336 10352
2337 10354
2338 10356
2339 10358
2340 10359
2341 10361
2342 10362
2343 10363
2344 10364
2345 10365
2346 10366
2347 10370
2348 10371
2349 10374
2350 10375
2351 10377
2352 10379
2353 10384
2354 10390
2355 10391
2356 10392
2357 10401
2358 10404
2359 10411
2360 10413
2361 10415
2362 10416
2363 10417
2364 10420
2365 10421
2366 10425
2367 10426
2368 10428
2369 10431
2370 10432
2371 10434
2372 10437
2373 10438
2374 10445
2375 10453
2376 10455
2377 10456
2378 10457
2379 10458
2380 10459
2381 10460
2382 10461
2383 10463
2384 10464
2385 10465
2386 10466
2387 10467
2388 10469
2389 10470
2390 10471
2391 10472
2392 10474
2393 10475
2394 10476
2395 10477
2396 10480
2397 10482
2398 10483
2399 10487
2400 10489
2401 10491
2402 10492
2403 10498
2404 10499
2405 10503
2406 10506
2407 10507
2408 10517
2409 10518
2410 10520
2411 10521
2412 10522
2413 10523
2414 10525
2415 10526
2416 10528
2417 10532
2418 10540
2419 10541
2420 10543
2421 10546
2422 10552
2423 10557
2424 10558
2425 10559
2426 10560
2427 10561
2428 10562
2429 10564
2430 10566
2431 10567
2432 10568
2433 10573
2434 10587
2435 10589
2436 10590
2437 10598
2438 10599
2439 10600
2440 10601
2441 10602
2442 10603
2443 10604
2444 10606
2445 10607
2446 10608
2447 10609
2448 10610
2449 10611
2450 10613
2451 10614
2452 10615
2453 10655
2454 10657
2455 10658
2456 10660
2457 10663
2458 10707
2459 10709
2460 10711
2461 10712
2462 10717
2463 10721
2464 10727
2465 10730
2466 10731
2467 10734
2468 10735
2469 10736
2470 10737
2471 10739
2472 10741
2473 10742
2474 10743
2475 10744
2476 10747
2477 10748
2478 10749
2479 10750
2480 10751
2481 10752
2482 10753
2483 10754
2484 10755
2485 10756
2486 10757
2487 10765
2488 10768
2489 10775
2490 10776
2491 10779
2492 10780
2493 10781
2494 10782
2495 10783
2496 10787
2497 10788
2498 10789
2499 10790
2500 10791
2501 10796
2502 10797
2503 10799
2504 10800
2505 10801
2506 10802
2507 10803
2508 10804
2509 10805
2510 10806
2511 10807
2512 10808
2513 10809
2514 10812
2515 10815
2516 10816
2517 10817
2518 10818
2519 10819
2520 10820
2521 10821
2522 10822
2523 10823
2524 10824
2525 10831
2526 10832
2527 10833
2528 10835
2529 10836
2530 10837
2531 10838
2532 10839
2533 10841
2534 10842
2535 10843
2536 10844
2537 10845
2538 10846
2539 10847
2540 10848
2541 10849
2542 10850
2543 10851
2544 10852
2545 10853
2546 10855
2547 10857
2548 10859
2549 10860
2550 10861
2551 10862
2552 10863
2553 10864
2554 10865
2555 10866
2556 10867
2557 10868
2558 10869
2559 10871
2560 10872
2561 10878
2562 10879
2563 10881
2564 10883
2565 10885
2566 10889
2567 10890
2568 10891
2569 10892
2570 10893
2571 10895
2572 10896
2573 10900
2574 10901
2575 10902
2576 10904
2577 10905
2578 10909
2579 10910
2580 10911
2581 10913
2582 10914
2583 10915
2584 10916
2585 10917
2586 10918
2587 10919
2588 10920
2589 10921
2590 10922
2591 10923
2592 10925
2593 10926
2594 10928
2595 10930
2596 10931
2597 10933
2598 10936
2599 10937
2600 10939
2601 10945
2602 10947
2603 10948
2604 10949
2605 10950
2606 10952
2607 10954
2608 10956
2609 10957
2610 10959
2611 10960
2612 10961
2613 10965
2614 10966
2615 10967
2616 10968
2617 10969
2618 10970
2619 10971
2620 10972
2621 10973
2622 10974
2623 10975
2624 10976
2625 10980
2626 10981
2627 10982
2628 10983
2629 10988
2630 10989
2631 10990
2632 10991
2633 10992
2634 10993
2635 10994
2636 10995
2637 10996
2638 10997
2639 11004
2640 11007
2641 11009
2642 11010
2643 11011
2644 11013
2645 11014
2646 11015
2647 11017
2648 11018
2649 11019
2650 11020
2651 11021
2652 11022
2653 11023
2654 11024
2655 11025
2656 11027
2657 11028
2658 11029
2659 11030
2660 11034
2661 11036
2662 11037
2663 11038
2664 11040
2665 11042
2666 11043
2667 11045
2668 11046
2669 11049
2670 11051
2671 11052
2672 11053
2673 11059
2674 11063
2675 11064
2676 11065
2677 11066
2678 11069
2679 11070
2680 11071
2681 11072
2682 11074
2683 11076
2684 11077
2685 11078
2686 11080
2687 11081
2688 11082
2689 11083
2690 11085
2691 11087
2692 11088
2693 11089
2694 11090
2695 11093
2696 11094
2697 11099
2698 11100
2699 11101
2700 11102
2701 11103
2702 11108
2703 11109
2704 11110
2705 11111
2706 11112
2707 11113
2708 11117
2709 11118
2710 11122
2711 11123
2712 11124
2713 11125
2714 11126
2715 11128
2716 11129
2717 11130
2718 11135
2719 11136
2720 11138
2721 11147
2722 11150
2723 11152
2724 11156
2725 11158
2726 11160
2727 11163
2728 11164
2729 11168
2730 11170
2731 11171
2732 11172
2733 11173
2734 11174
2735 11175
2736 11176
2737 11180
2738 11182
2739 11183
2740 11184
2741 11187
2742 11189
2743 11196
2744 11201
2745 11202
2746 11204
2747 11208
2748 11209
2749 11212
2750 11213
2751 11214
2752 11215
2753 11218
2754 11219
2755 11221
2756 11222
2757 11224
2758 11228
2759 11239
2760 11243
2761 11244
2762 11245
2763 11246
2764 11247
2765 11248
2766 11251
2767 11259
2768 11260
2769 11261
2770 11264
2771 11265
2772 11266
2773 11267
2774 11269
2775 11271
2776 11276
2777 11278
2778 11279
2779 11280
2780 11297
2781 11301
2782 11304
2783 11305
2784 11307
2785 11308
2786 11310
2787 11312
2788 11319
2789 11320
2790 11325
2791 11326
2792 11329
2793 11330
2794 11333
2795 11334
2796 11335
2797 11339
2798 11340
2799 11342
2800 11343
2801 11346
2802 11348
2803 11349
2804 11350
2805 11354
2806 11356
2807 11360
2808 11361
2809 11362
2810 11363
2811 11364
2812 11365
2813 11366
2814 11368
2815 11373
2816 11379
2817 11382
2818 11393
2819 11394
2820 11396
2821 11399
2822 11400
2823 11401
2824 11402
2825 11403
2826 11405
2827 11406
2828 11407
2829 11408
2830 11411
2831 11412
2832 11413
2833 11414
2834 11415
2835 11416
2836 11417
2837 11421
2838 11422
2839 11423
2840 11424
2841 11427
2842 11429
2843 11438
2844 11441
2845 11442
2846 11443
2847 11444
2848 11445
2849 11446
2850 11449
2851 11451
2852 11452
2853 11454
2854 11455
2855 11456
2856 11458
2857 11461
2858 11463
2859 11465
2860 11468
2861 11470
2862 11472
2863 11473
2864 11474
2865 11476
2866 11488
2867 11489
2868 11492
2869 11502
2870 11503
2871 11505
2872 11509
2873 11511
2874 11512
2875 11513
2876 11514
2877 11515
2878 11517
2879 11520
2880 11521
2881 11522
2882 11523
2883 11524
2884 11525
2885 11526
2886 11527
2887 11528
2888 11529
2889 11530
2890 11531
2891 11540
2892 11542
2893 11543
2894 11544
2895 11545
2896 11546
2897 11547
2898 11548
2899 11564
2900 11566
2901 11569
2902 11570
2903 11573
2904 11574
2905 11575
2906 11576
2907 11577
2908 11581
2909 11582
2910 11589
2911 11590
2912 11594
2913 11597
2914 11598
2915 11599
2916 11601
2917 11603
2918 11607
2919 11656
2920 11657
2921 11658
2922 11659
2923 11660
2924 11661
2925 11663
2926 11664
2927 11665
2928 11666
2929 11668
2930 11669
2931 11672
2932 11673
2933 11674
2934 11676
2935 11678
2936 11682
2937 11683
2938 11684
2939 11685
2940 11686
2941 11687
2942 11691
2943 11692
2944 11694
2945 11695
2946 11699
2947 11700
2948 11701
2949 11702
2950 11703
2951 11705
2952 11708
2953 11713
2954 11714
2955 11715
2956 11717
2957 11718
2958 11720
2959 11721
2960 11722
2961 11725
2962 11726
2963 11727
2964 11728
2965 11736
2966 11737
2967 11738
2968 11739
2969 11741
2970 11742
2971 11744
2972 11745
2973 11746
2974 11747
2975 11751
2976 11753
2977 11755
2978 11756
2979 11761
2980 11762
2981 11763
2982 11764
2983 11768
2984 11769
2985 11770
2986 11771
2987 11772
2988 11773
2989 11774
2990 11776
2991 11777
2992 11783
2993 11784
2994 11785
2995 11786
2996 11787
2997 11789
2998 11791
2999 11792
3000 11794
3001 11796
3002 11798
3003 11802
3004 11804
3005 11809
3006 11810
3007 11811
3008 11813
3009 11814
3010 11815
3011 11816
3012 11817
3013 11820
3014 11821
3015 11822
3016 11827
3017 11828
3018 11830
3019 11831
3020 11834
3021 11838
3022 11839
3023 11840
3024 11841
3025 11842
3026 11844
3027 11846
3028 11847
3029 11848
3030 11850
3031 11851
3032 11852
3033 11859
3034 11862
3035 11863
3036 11864
3037 11867
3038 11868
3039 11869
3040 11870
3041 11871
3042 11872
3043 11873
3044 11874
3045 11875
3046 11876
3047 11877
3048 11878
3049 11882
3050 11883
3051 11885
3052 11886
3053 11887
3054 11888
3055 11889
3056 11890
3057 11891
3058 11892
3059 11893
3060 11894
3061 11895
3062 11896
3063 11897
3064 11898
3065 11899
3066 11900
3067 11901
3068 11902
3069 11904
3070 11905
3071 11907
3072 11908
3073 11909
3074 11911
3075 11915
3076 11916
3077 11924
3078 11925
3079 11926
3080 11931
3081 11933
3082 11934
3083 11936
3084 11937
3085 11938
3086 11942
3087 11945
3088 11947
3089 11948
3090 11949
3091 11950
3092 11951
3093 11952
3094 11953
3095 11957
3096 11958
3097 11960
3098 11961
3099 11962
3100 11963
3101 11973
3102 11978
3103 11986
3104 11987
3105 11990
3106 11991
3107 11992
3108 11993
3109 11994
3110 11995
3111 11996
3112 12001
3113 12002
3114 12003
3115 12004
3116 12005
3117 12007
3118 12008
3119 12009
3120 12010
3121 12013
3122 12019
3123 12020
3124 12021
3125 12024
3126 12025
3127 12027
3128 12028
3129 12033
3130 12034
3131 12035
3132 12036
3133 12037
3134 12038
3135 12040
3136 12041
3137 12042
3138 12043
3139 12044
3140 12045
3141 12047
3142 12049
3143 12050
3144 12051
3145 12052
3146 12053
3147 12054
3148 12055
3149 12057
3150 12058
3151 12059
3152 12060
3153 12063
3154 12064
3155 12065
3156 12068
3157 12070
3158 12078
3159 12079
3160 12086
3161 12087
3162 12088
3163 12089
3164 12090
3165 12091
3166 12092
3167 12094
3168 12095
3169 12096
3170 12099
3171 12100
3172 12104
3173 12105
3174 12106
3175 12108
3176 12122
3177 12124
3178 12126
3179 12127
3180 12131
3181 12136
3182 12137
3183 12138
3184 12139
3185 12140
3186 12141
3187 12142
3188 12143
3189 12144
3190 12145
3191 12146
3192 12147
3193 12148
3194 12149
3195 12150
3196 12151
3197 12152
3198 12153
3199 12154
3200 12156
3201 12157
3202 12158
3203 12165
3204 12166
3205 12167
3206 12168
3207 12172
3208 12173
3209 12174
3210 12175
3211 12176
3212 12177
3213 12178
3214 12179
3215 12180
3216 12181
3217 12182
3218 12183
3219 12184
3220 12189
3221 12190
3222 12191
3223 12192
3224 12193
3225 12194
3226 12196
3227 12203
3228 12204
3229 12205
3230 12208
3231 12209
3232 12210
3233 12211
3234 12212
3235 12215
3236 12222
3237 12224
3238 12225
3239 12226
3240 12227
3241 12228
3242 12229
3243 12230
3244 12231
3245 12232
3246 12233
3247 12234
3248 12235
3249 12236
3250 12237
3251 12239
3252 12240
3253 12243
3254 12244
3255 12245
3256 12246
3257 12247
3258 12248
3259 12249
3260 12250
3261 12251
3262 12254
3263 12256
3264 12257
3265 12258
3266 12259
3267 12260
3268 12264
3269 12266
3270 12268
3271 12269
3272 12270
3273 12271
3274 12272
3275 12273
3276 12274
3277 12275
3278 12276
3279 12277
3280 12279
3281 12280
3282 12281
3283 12282
3284 12285
3285 12286
3286 12287
3287 12288
3288 12289
3289 12290
3290 12292
3291 12302
3292 12303
3293 12304
3294 12306
3295 12308
3296 12309
3297 12310
3298 12311
3299 12312
3300 12313
3301 12314
3302 12315
3303 12317
3304 12318
3305 12319
3306 12320
3307 12321
3308 12323
3309 12324
3310 12325
3311 12327
3312 12328
3313 12329
3314 12330
3315 12331
3316 12332
3317 12333
3318 12334
3319 12335
3320 12337
3321 12338
