1 5183
2 5184
3 5185
4 5186
5 5187
6 5188
7 5189
8 5190
9 5191
10 5192
11 5193
12 5194
13 5195
14 5196
15 5197
16 5198
17 5200
18 5201
19 5202
20 5204
21 5205
22 5209
23 5210
24 5211
25 5212
26 5219
27 5220
28 5221
29 5222
30 5223
31 5228
32 5229
33 5232
34 5248
35 5250
36 5252
37 5253
38 5254
39 5255
40 5257
41 5258
42 5259
43 5261
44 5265
45 5268
46 5270
47 5272
48 5273
49 5275
50 5277
51 5279
52 5280
53 5281
54 5285
55 5286
56 5288
57 5290
58 5291
59 5293
60 5294
61 5296
62 5299
63 5300
64 5301
65 5305
66 5307
67 5312
68 5315
69 5328
70 5334
71 5338
72 5339
73 5343
74 5344
75 5352
76 5353
77 5358
78 5359
79 5360
80 5361
81 5362
82 5367
83 5368
84 5369
85 5370
86 5371
87 5372
88 5375
89 5377
90 5379
91 5380
92 5381
93 5382
94 5386
95 5388
96 5389
97 5395
98 5397
99 5400
100 5401
101 5409
102 5411
103 5418
104 5419
105 5422
106 5423
107 5424
108 5428
109 5430
110 5431
111 5432
112 5433
113 5434
114 5435
115 5436
116 5438
117 5440
118 5452
119 5453
120 5454
121 5455
122 5456
123 5457
124 5463
125 5464
126 5465
127 5466
128 5467
129 5468
130 5471
131 5472
132 5473
133 5478
134 5479
135 5480
136 5509
137 5510
138 5516
139 5518
140 5527
141 5528
142 5529
143 5532
144 5533
145 5534
146 5536
147 5538
148 5540
149 5541
150 5544
151 5545
152 5546
153 5557
154 5558
155 5559
156 5560
157 5561
158 5562
159 5563
160 5564
161 5565
162 5566
163 5567
164 5568
165 5576
166 5579
167 5580
168 5584
169 5586
170 5587
171 5588
172 5589
173 5590
174 5591
175 5592
176 5593
177 5594
178 5600
179 5603
180 5608
181 5609
182 5621
183 5660
184 5661
185 5665
186 5666
187 5671
188 5672
189 5673
190 5674
191 5675
192 5676
193 5680
194 5682
195 5684
196 5688
197 5691
198 5694
199 5701
200 5712
201 5720
202 5722
203 5724
204 5725
205 5726
206 5727
207 5728
208 5729
209 5739
210 5740
211 5742
212 5745
213 5746
214 5747
215 5749
216 5754
217 5755
218 5756
219 5757
220 5758
221 5760
222 5761
223 5770
224 5771
225 5772
226 5774
227 5777
228 5780
229 5782
230 5783
231 5784
232 5788
233 5789
234 5795
235 5796
236 5801
237 5809
238 5821
239 5822
240 5824
241 5827
242 5828
243 5829
244 5834
245 5836
246 5839
247 5840
248 5846
249 5853
250 5854
251 5856
252 5857
253 5865
254 5866
255 5869
256 5870
257 5871
258 5873
259 5874
260 5880
261 5882
262 5892
263 5893
264 5894
265 5895
266 5911
267 5922
268 5944
269 5945
270 5948
271 5949
272 5954
273 5961
274 5962
275 5963
276 5964
277 5967
278 5969
279 5970
280 5971
281 5972
282 5974
283 5977
284 5979
285 5980
286 5981
287 5983
288 5984
289 5985
290 5986
291 5987
292 5988
293 5989
294 5990
295 5991
296 5994
297 5998
298 5999
299 6000
300 6003
301 6005
302 6006
303 6007
304 6017
305 6018
306 6019
307 6020
308 6021
309 6022
310 6023
311 6026
312 6034
313 6035
314 6037
315 6038
316 6040
317 6041
318 6043
319 6044
320 6052
321 6053
322 6054
323 6055
324 6056
325 6057
326 6058
327 6060
328 6061
329 6062
330 6063
331 6066
332 6067
333 6068
334 6069
335 6071
336 6072
337 6073
338 6075
339 6076
340 6077
341 6079
342 6081
343 6082
344 6083
345 6085
346 6088
347 6089
348 6090
349 6098
350 6099
351 6100
352 6101
353 6102
354 6103
355 6110
356 6111
357 6112
358 6118
359 6119
360 6124
361 6125
362 6126
363 6127
364 6128
365 6130
366 6131
367 6132
368 6133
369 6134
370 6135
371 6136
372 6137
373 6138
374 6142
375 6145
376 6146
377 6147
378 6149
379 6155
380 6156
381 6157
382 6160
383 6166
384 6167
385 6173
386 6175
387 6181
388 6182
389 6183
390 6185
391 6186
392 6187
393 6188
394 6190
395 6191
396 6197
397 6198
398 6199
399 6200
400 6202
401 6206
402 6212
403 6220
404 6221
405 6222
406 6223
407 6224
408 6230
409 6231
410 6232
411 6233
412 6235
413 6236
414 6237
415 6238
416 6239
417 6240
418 6242
419 6243
420 6244
421 6245
422 6246
423 6247
424 6248
425 6252
426 6253
427 6256
428 6264
429 6268
430 6269
431 6270
432 6271
433 6272
434 6275
435 6276
436 6280
437 6284
438 6285
439 6286
440 6288
441 6291
442 6292
443 6293
444 6295
445 6304
446 6305
447 6310
448 6311
449 6314
450 6315
451 6316
452 6317
453 6318
454 6319
455 6320
456 6321
457 6324
458 6325
459 6331
460 6332
461 6333
462 6335
463 6336
464 6339
465 6340
466 6344
467 6347
468 6348
469 6349
470 6350
471 6352
472 6355
473 6357
474 6358
475 6359
476 6360
477 6361
478 6364
479 6365
480 6366
481 6367
482 6369
483 6370
484 6371
485 6372
486 6381
487 6386
488 6387
489 6391
490 6392
491 6393
492 6394
493 6395
494 6396
495 6397
496 6398
497 6399
498 6400
499 6401
500 6402
501 6406
502 6407
503 6414
504 6426
505 6431
506 6437
507 6438
508 6449
509 6453
510 6454
511 6460
512 6464
513 6469
514 6473
515 6476
516 6477
517 6480
518 6481
519 6482
520 6483
521 6484
522 6488
523 6489
524 6493
525 6495
526 6498
527 6499
528 6501
529 6502
530 6503
531 6505
532 6507
533 6508
534 6510
535 6511
536 6512
537 6514
538 6515
539 6516
540 6519
541 6520
542 6521
543 6522
544 6524
545 6525
546 6526
547 6527
548 6528
549 6531
550 6532
551 6533
552 6534
553 6535
554 6538
555 6539
556 6540
557 6541
558 6542
559 6552
560 6553
561 6554
562 6556
563 6568
564 6569
565 6570
566 6571
567 6574
568 6575
569 6576
570 6580
571 6583
572 6584
573 6585
574 6586
575 6590
576 6591
577 6592
578 6593
579 6594
580 6597
581 6598
582 6600
583 6604
584 6605
585 6606
586 6607
587 6608
588 6615
589 6616
590 6631
591 6633
592 6634
593 6635
594 6648
595 6656
596 6670
597 6671
598 6673
599 6676
600 6677
601 6679
602 6680
603 6681
604 6686
605 6688
606 6689
607 6691
608 6695
609 6696
610 6699
611 6700
612 6701
613 6703
614 6704
615 6706
616 6713
617 6719
618 6720
619 6721
620 6722
621 6737
622 6738
623 6741
624 6742
625 6750
626 6751
627 6752
628 6756
629 6758
630 6759
631 6761
632 6762
633 6763
634 6772
635 6776
636 6780
637 6782
638 6785
639 6786
640 6787
641 6788
642 6789
643 6794
644 6799
645 6801
646 6808
647 6816
648 6817
649 6818
650 6823
651 6824
652 6828
653 6829
654 6831
655 6835
656 6837
657 6838
658 6839
659 6840
660 6841
661 6844
662 6845
663 6846
664 6849
665 6851
666 6853
667 6854
668 6855
669 6856
670 6857
671 6866
672 6867
673 6868
674 6869
675 6874
676 6875
677 6876
678 6877
679 6878
680 6879
681 6890
682 6893
683 6895
684 6897
685 6899
686 6901
687 6904
688 6908
689 6912
690 6925
691 6926
692 6933
693 6935
694 6940
695 6943
696 6948
697 6949
698 6950
699 6952
700 6956
701 6962
702 6964
703 6965
704 6966
705 6972
706 6974
707 6979
708 6982
709 6983
710 6984
711 6985
712 6992
713 6999
714 7001
715 7004
716 7005
717 7009
718 7010
719 7014
720 7015
721 7016
722 7017
723 7018
724 7019
725 7023
726 7024
727 7032
728 7033
729 7034
730 7035
731 7039
732 7042
733 7043
734 7045
735 7054
736 7057
737 7062
738 7066
739 7073
740 7074
741 7075
742 7076
743 7078
744 7080
745 7081
746 7083
747 7088
748 7096
749 7097
750 7100
751 7101
752 7102
753 7103
754 7104
755 7105
756 7106
757 7107
758 7108
759 7110
760 7111
761 7113
762 7115
763 7116
764 7117
765 7118
766 7119
767 7120
768 7123
769 7124
770 7126
771 7127
772 7128
773 7130
774 7134
775 7135
776 7136
777 7140
778 7141
779 7142
780 7143
781 7147
782 7148
783 7149
784 7150
785 7151
786 7154
787 7155
788 7156
789 7157
790 7158
791 7159
792 7160
793 7172
794 7175
795 7176
796 7177
797 7178
798 7179
799 7180
800 7181
801 7182
802 7183
803 7184
804 7185
805 7186
806 7187
807 7188
808 7189
809 7190
810 7191
811 7193
812 7194
813 7195
814 7196
815 7199
816 7201
817 7202
818 7206
819 7207
820 7208
821 7209
822 7210
823 7211
824 7212
825 7214
826 7215
827 7216
828 7217
829 7218
830 7219
831 7220
832 7221
833 7222
834 7223
835 7224
836 7225
837 7227
838 7231
839 7238
840 7239
841 7240
842 7241
843 7242
844 7243
845 7244
846 7245
847 7246
848 7247
849 7248
850 7249
851 7250
852 7251
853 7253
854 7254
855 7255
856 7256
857 7257
858 7259
859 7260
860 7261
861 7262
862 7263
863 7264
864 7266
865 7268
866 7275
867 7278
868 7279
869 7280
870 7281
871 7282
872 7283
873 7284
874 7285
875 7289
876 7290
877 7291
878 7292
879 7294
880 7301
881 7302
882 7303
883 7304
884 7306
885 7307
886 7308
887 7317
888 7321
889 7322
890 7325
891 7326
892 7327
893 7329
894 7330
895 7331
896 7332
897 7333
898 7334
899 7336
900 7337
901 7338
902 7342
903 7345
904 7348
905 7350
906 7351
907 7353
908 7358
909 7361
910 7362
911 7365
912 7366
913 7367
914 7368
915 7387
916 7388
917 7391
918 7396
919 7397
920 7399
921 7400
922 7401
923 7402
924 7403
925 7404
926 7405
927 7406
928 7407
929 7408
930 7409
931 7410
932 7413
933 7414
934 7415
935 7416
936 7417
937 7418
938 7419
939 7420
940 7421
941 7424
942 7427
943 7428
944 7429
945 7435
946 7436
947 7437
948 7438
949 7439
950 7440
951 7441
952 7442
953 7443
954 7444
955 7445
956 7446
957 7447
958 7448
959 7449
960 7452
961 7453
962 7454
963 7455
964 7460
965 7473
966 7474
967 7475
968 7477
969 7478
970 7480
971 7483
972 7484
973 7496
974 7497
975 7498
976 7500
977 7502
978 7503
979 7504
980 7505
981 7506
982 7507
983 7509
984 7510
985 7511
986 7512
987 7518
988 7522
989 7523
990 7525
991 7526
992 7531
993 7542
994 7543
995 7545
996 7548
997 7552
998 7553
999 7554
1000 7555
1001 7556
1002 7558
1003 7559
1004 7560
1005 7561
1006 7562
1007 7563
1008 7564
1009 7565
1010 7566
1011 7568
1012 7569
1013 7570
1014 7571
1015 7572
1016 7573
1017 7574
1018 7575
1019 7577
1020 7578
1021 7579
1022 7580
1023 7581
1024 7582
1025 7585
1026 7590
1027 7591
1028 7592
1029 7595
1030 7596
1031 7597
1032 7598
1033 7599
1034 7601
1035 7602
1036 7607
1037 7608
1038 7611
1039 7620
1040 7621
1041 7622
1042 7623
1043 7624
1044 7625
1045 7626
1046 7627
1047 7628
1048 7630
1049 7632
1050 7633
1051 7634
1052 7638
1053 7648
1054 7649
1055 7652
1056 7654
1057 7659
1058 7662
1059 7679
1060 7683
1061 7685
1062 7689
1063 7690
1064 7691
1065 7692
1066 7693
1067 7694
1068 7695
1069 7696
1070 7698
1071 7699
1072 7700
1073 7701
1074 7702
1075 7703
1076 7707
1077 7708
1078 7709
1079 7710
1080 7712
1081 7715
1082 7717
1083 7723
1084 7730
1085 7732
1086 7733
1087 7734
1088 7736
1089 7737
1090 7738
1091 7739
1092 7743
1093 7751
1094 7755
1095 7756
1096 7757
1097 7758
1098 7760
1099 7761
1100 7763
1101 7764
1102 7765
1103 7766
1104 7767
1105 7768
1106 7770
1107 7776
1108 7777
1109 7779
1110 7780
1111 7783
1112 7786
1113 7788
1114 7790
1115 7791
1116 7792
1117 7793
1118 7794
1119 7795
1120 7796
1121 7797
1122 7798
1123 7799
1124 7800
1125 7802
1126 7803
1127 7805
1128 7806
1129 7808
1130 7809
1131 7820
1132 7821
1133 7822
1134 7823
1135 7824
1136 7827
1137 7829
1138 7830
1139 7832
1140 7833
1141 7834
1142 7836
1143 7839
1144 7840
1145 7841
1146 7843
1147 7844
1148 7845
1149 7846
1150 7847
1151 7848
1152 7849
1153 7853
1154 7854
1155 7856
1156 7862
1157 7863
1158 7864
1159 7865
1160 7866
1161 7867
1162 7868
1163 7869
1164 7870
1165 7877
1166 7878
1167 7879
1168 7881
1169 7887
1170 7888
1171 7889
1172 7895
1173 7903
1174 7910
1175 7915
1176 7916
1177 7917
1178 7918
1179 7919
1180 7920
1181 7921
1182 7922
1183 7929
1184 7930
1185 7931
1186 7937
1187 7940
1188 7944
1189 7945
1190 7947
1191 7948
1192 7949
1193 7950
1194 7951
1195 7952
1196 7953
1197 7954
1198 7956
1199 7957
1200 7961
1201 7967
1202 7968
1203 7969
1204 7974
1205 7975
1206 7977
1207 7978
1208 7985
1209 7987
1210 7989
1211 7991
1212 7995
1213 7996
1214 8000
1215 8002
1216 8003
1217 8005
1218 8007
1219 8009
1220 8010
1221 8011
1222 8013
1223 8014
1224 8019
1225 8020
1226 8021
1227 8024
1228 8025
1229 8026
1230 8027
1231 8028
1232 8031
1233 8032
1234 8035
1235 8036
1236 8037
1237 8039
1238 8044
1239 8045
1240 8046
1241 8047
1242 8048
1243 8049
1244 8053
1245 8055
1246 8056
1247 8058
1248 8059
1249 8061
1250 8062
1251 8064
1252 8065
1253 8066
1254 8067
1255 8071
1256 8073
1257 8074
1258 8077
1259 8078
1260 8083
1261 8084
1262 8087
1263 8090
1264 8091
1265 8095
1266 8113
1267 8118
1268 8119
1269 8120
1270 8121
1271 8122
1272 8128
1273 8129
1274 8130
1275 8131
1276 8132
1277 8133
1278 8142
1279 8143
1280 8147
1281 8155
1282 8156
1283 8157
1284 8159
1285 8162
1286 8174
1287 8178
1288 8183
1289 8185
1290 8186
1291 8187
1292 8189
1293 8190
1294 8192
1295 8193
1296 8194
1297 8195
1298 8196
1299 8197
1300 8198
1301 8199
1302 8200
1303 8203
1304 8204
1305 8205
1306 8212
1307 8215
1308 8217
1309 8218
1310 8219
1311 8220
1312 8229
1313 8230
1314 8231
1315 8233
1316 8234
1317 8237
1318 8238
1319 8239
1320 8240
1321 8241
1322 8244
1323 8247
1324 8249
1325 8250
1326 8252
1327 8256
1328 8257
1329 8258
1330 8263
1331 8266
1332 8267
1333 8276
1334 8285
1335 8286
1336 8302
1337 8305
1338 8308
1339 8309
1340 8310
1341 8313
1342 8314
1343 8315
1344 8324
1345 8328
1346 8332
1347 8335
1348 8339
1349 8345
1350 8346
1351 8366
1352 8367
1353 8374
1354 8380
1355 8383
1356 8384
1357 8385
1358 8386
1359 8387
1360 8391
1361 8398
1362 8399
1363 8400
1364 8403
1365 8404
1366 8405
1367 8407
1368 8410
1369 8411
1370 8412
1371 8413
1372 8414
1373 8415
1374 8416
1375 8417
1376 8418
1377 8422
1378 8423
1379 8424
1380 8426
1381 8427
1382 8429
1383 8430
1384 8431
1385 8432
1386 8433
1387 8434
1388 8436
1389 8437
1390 8438
1391 8439
1392 8440
1393 8441
1394 8442
1395 8443
1396 8444
1397 8445
1398 8446
1399 8447
1400 8448
1401 8449
1402 8451
1403 8452
1404 8453
1405 8454
1406 8455
1407 8456
1408 8457
1409 8458
1410 8459
1411 8460
1412 8462
1413 8463
1414 8464
1415 8465
1416 8466
1417 8467
1418 8469
1419 8471
1420 8472
1421 8473
1422 8474
1423 8475
1424 8476
1425 8477
1426 8480
1427 8481
1428 8482
1429 8483
1430 8484
1431 8485
1432 8488
1433 8489
1434 8490
1435 8492
1436 8494
1437 8495
1438 8502
1439 8503
1440 8504
1441 8505
1442 8506
1443 8507
1444 8508
1445 8509
1446 8510
1447 8511
1448 8512
1449 8513
1450 8514
1451 8515
1452 8516
1453 8517
1454 8518
1455 8519
1456 8528
1457 8529
1458 8530
1459 8535
1460 8539
1461 8540
1462 8542
1463 8543
1464 8544
1465 8545
1466 8546
1467 8549
1468 8550
1469 8551
1470 8552
1471 8553
1472 8554
1473 8556
1474 8559
1475 8560
1476 8562
1477 8574
1478 8577
1479 8578
1480 8579
1481 8580
1482 8581
1483 8582
1484 8583
1485 8584
1486 8585
1487 8586
1488 8587
1489 8588
1490 8589
1491 8590
1492 8591
1493 8592
1494 8593
1495 8594
1496 8595
1497 8596
1498 8600
1499 8602
1500 8607
1501 8608
1502 8609
1503 8610
1504 8611
1505 8612
1506 8613
1507 8614
1508 8622
1509 8623
1510 8624
1511 8625
1512 8626
1513 8627
1514 8628
1515 8636
1516 8637
1517 8638
1518 8639
1519 8640
1520 8649
1521 8650
1522 8652
1523 8653
1524 8654
1525 8656
1526 8657
1527 8658
1528 8665
1529 8666
1530 8667
1531 8668
1532 8669
1533 8670
1534 8671
1535 8672
1536 8673
1537 8674
1538 8675
1539 8676
1540 8679
1541 8680
1542 8681
1543 8682
1544 8683
1545 8684
1546 8685
1547 8686
1548 8687
1549 8688
1550 8699
1551 8702
1552 8703
1553 8704
1554 8705
1555 8706
1556 8707
1557 8710
1558 8714
1559 8715
1560 8717
1561 8719
1562 8721
1563 8722
1564 8723
1565 8724
1566 8725
1567 8726
1568 8749
1569 8755
1570 8760
1571 8761
1572 8762
1573 8763
1574 8764
1575 8765
1576 8766
1577 8767
1578 8775
1579 8776
1580 8777
1581 8778
1582 8779
1583 8780
1584 8781
1585 8828
1586 8830
1587 8832
1588 8834
1589 8835
1590 8836
1591 8837
1592 8838
1593 8839
1594 8842
1595 8843
1596 8844
1597 8849
1598 8855
1599 8858
1600 8860
1601 8861
1602 8862
1603 8865
1604 8866
1605 8872
1606 8876
1607 8878
1608 8879
1609 8880
1610 8881
1611 8882
1612 8884
1613 8885
1614 8886
1615 8888
1616 8889
1617 8890
1618 8912
1619 8917
1620 8920
1621 8922
1622 8925
1623 8928
1624 8931
1625 8933
1626 8935
1627 8937
1628 8940
1629 8941
1630 8943
1631 8949
1632 8950
1633 8953
1634 8956
1635 8957
1636 8959
1637 8961
1638 8965
1639 8970
1640 8972
1641 8973
1642 8974
1643 8975
1644 8976
1645 8977
1646 8983
1647 8984
1648 8987
1649 8995
1650 8997
1651 9004
1652 9008
1653 9009
1654 9010
1655 9014
1656 9016
1657 9018
1658 9019
1659 9020
1660 9021
1661 9024
1662 9026
1663 9027
1664 9028
1665 9029
1666 9030
1667 9031
1668 9033
1669 9034
1670 9035
1671 9039
1672 9040
1673 9041
1674 9043
1675 9044
1676 9045
1677 9046
1678 9052
1679 9070
1680 9071
1681 9073
1682 9077
1683 9079
1684 9084
1685 9085
1686 9089
1687 9090
1688 9092
1689 9093
1690 9094
1691 9097
1692 9100
1693 9102
1694 9103
1695 9104
1696 9106
1697 9109
1698 9110
1699 9111
1700 9112
1701 9113
1702 9114
1703 9115
1704 9116
1705 9124
1706 9126
1707 9127
1708 9128
1709 9131
1710 9132
1711 9133
1712 9140
1713 9142
1714 9143
1715 9156
1716 9157
1717 9158
1718 9162
1719 9165
1720 9168
1721 9171
1722 9189
1723 9190
1724 9198
1725 9199
1726 9203
1727 9204
1728 9206
1729 9207
1730 9208
1731 9215
1732 9216
1733 9217
1734 9220
1735 9221
1736 9222
1737 9223
1738 9224
1739 9225
1740 9226
1741 9227
1742 9229
1743 9231
1744 9232
1745 9233
1746 9234
1747 9235
1748 9236
1749 9238
1750 9239
1751 9240
1752 9241
1753 9242
1754 9243
1755 9245
1756 9246
1757 9247
1758 9248
1759 9249
1760 9250
1761 9253
1762 9254
1763 9259
1764 9260
1765 9261
1766 9262
1767 9263
1768 9265
1769 9266
1770 9267
1771 9268
1772 9269
1773 9270
1774 9271
1775 9272
1776 9274
1777 9275
1778 9279
1779 9280
1780 9281
1781 9282
1782 9283
1783 9285
1784 9286
1785 9287
1786 9288
1787 9290
1788 9291
1789 9292
1790 9293
1791 9294
1792 9295
1793 9296
1794 9298
1795 9300
1796 9301
1797 9302
1798 9303
1799 9304
1800 9305
1801 9306
1802 9308
1803 9309
1804 9310
1805 9311
1806 9312
1807 9313
1808 9315
1809 9319
1810 9321
1811 9323
1812 9324
1813 9325
1814 9326
1815 9327
1816 9328
1817 9332
1818 9334
1819 9336
1820 9337
1821 9339
1822 9340
1823 9345
1824 9346
1825 9347
1826 9348
1827 9349
1828 9350
1829 9352
1830 9353
1831 9355
1832 9356
1833 9359
1834 9361
1835 9362
1836 9363
1837 9367
1838 9376
1839 9377
1840 9378
1841 9379
1842 9380
1843 9383
1844 9385
1845 9386
1846 9387
1847 9388
1848 9389
1849 9390
1850 9391
1851 9392
1852 9393
1853 9394
1854 9395
1855 9397
1856 9398
1857 9405
1858 9406
1859 9407
1860 9408
1861 9409
1862 9414
1863 9418
1864 9419
1865 9420
1866 9421
1867 9422
1868 9423
1869 9424
1870 9425
1871 9426
1872 9427
1873 9433
1874 9434
1875 9437
1876 9438
1877 9439
1878 9440
1879 9441
1880 9442
1881 9443
1882 9444
1883 9446
1884 9447
1885 9448
1886 9451
1887 9453
1888 9455
1889 9457
1890 9459
1891 9462
1892 9464
1893 9465
1894 9468
1895 9469
1896 9470
1897 9471
1898 9472
1899 9473
1900 9474
1901 9475
1902 9477
1903 9482
1904 9483
1905 9487
1906 9490
1907 9492
1908 9499
1909 9500
1910 9501
1911 9503
1912 9505
1913 9506
1914 9508
1915 9509
1916 9510
1917 9512
1918 9516
1919 9517
1920 9520
1921 9522
1922 9524
1923 9530
1924 9531
1925 9534
1926 9535
1927 9541
1928 9542
1929 9543
1930 9547
1931 9551
1932 9552
1933 9553
1934 9554
1935 9559
1936 9561
1937 9562
1938 9563
1939 9565
1940 9566
1941 9573
1942 9575
1943 9576
1944 9577
1945 9580
1946 9581
1947 9582
1948 9583
1949 9584
1950 9585
1951 9586
1952 9590
1953 9592
1954 9593
1955 9594
1956 9595
1957 9596
1958 9605
1959 9609
1960 9610
1961 9613
1962 9618
1963 9619
1964 9620
1965 9621
1966 9624
1967 9629
1968 9630
1969 9631
1970 9632
1971 9634
1972 9639
1973 9641
1974 9658
1975 9668
1976 9671
1977 9673
1978 9681
1979 9682
1980 9688
1981 9693
1982 9697
1983 9702
1984 9705
1985 9707
1986 9708
1987 9709
1988 9710
1989 9711
1990 9716
1991 9717
1992 9718
1993 9719
1994 9721
1995 9722
1996 9723
1997 9724
1998 9725
1999 9726
2000 9727
2001 9728
2002 9731
2003 9732
2004 9733
2005 9734
2006 9735
2007 9736
2008 9737
2009 9738
2010 9739
2011 9740
2012 9741
2013 9742
2014 9743
2015 9744
2016 9745
2017 9748
2018 9749
2019 9752
2020 9753
2021 9756
2022 9757
2023 9758
2024 9759
2025 9760
2026 9761
2027 9762
2028 9763
2029 9764
2030 9766
2031 9767
2032 9769
2033 9771
2034 9772
2035 9773
2036 9776
2037 9777
2038 9778
2039 9779
2040 9780
2041 9781
2042 9784
2043 9785
2044 9786
2045 9787
2046 9788
2047 9793
2048 9794
2049 9795
2050 9796
2051 9797
2052 9799
2053 9801
2054 9802
2055 9805
2056 9807
2057 9808
2058 9810
2059 9811
2060 9813
2061 9814
2062 9817
2063 9819
2064 9820
2065 9821
2066 9826
2067 9827
2068 9828
2069 9829
2070 9832
2071 9838
2072 9839
2073 9840
2074 9841
2075 9842
2076 9843
2077 9845
2078 9846
2079 9849
2080 9851
2081 9852
2082 9856
2083 9857
2084 9863
2085 9871
2086 9892
2087 9897
2088 9899
2089 9900
2090 9901
2091 9902
2092 9906
2093 9908
2094 9909
2095 9912
2096 9913
2097 9915
2098 9918
2099 9919
2100 9928
2101 9929
2102 9930
2103 9932
2104 9937
2105 9938
2106 9939
2107 9940
2108 9941
2109 9942
2110 9943
2111 9944
2112 9945
2113 9948
2114 9949
2115 9952
2116 9955
2117 9956
2118 9957
2119 9958
2120 9961
2121 9962
2122 9963
2123 9964
2124 9965
2125 9966
2126 9967
2127 9968
2128 9969
2129 9972
2130 9976
2131 9979
2132 9981
2133 9982
2134 9983
2135 9984
2136 9985
2137 9986
2138 9992
2139 9995
2140 9996
2141 9997
2142 9998
2143 10001
2144 10003
2145 10014
2146 10016
2147 10017
2148 10024
2149 10026
2150 10029
2151 10032
2152 10033
2153 10036
2154 10037
2155 10042
2156 10045
2157 10046
2158 10047
2159 10048
2160 10054
2161 10055
2162 10056
2163 10057
2164 10063
2165 10064
2166 10065
2167 10069
2168 10071
2169 10072
2170 10076
2171 10077
2172 10078
2173 10079
2174 10080
2175 10085
2176 10087
2177 10089
2178 10090
2179 10091
2180 10092
2181 10094
2182 10095
2183 10096
2184 10097
2185 10098
2186 10099
2187 10100
2188 10103
2189 10104
2190 10105
2191 10108
2192 10109
2193 10110
2194 10111
2195 10113
2196 10114
2197 10115
2198 10116
2199 10117
2200 10118
2201 10119
2202 10120
2203 10121
2204 10122
2205 10123
2206 10124
2207 10125
2208 10126
2209 10127
2210 10128
2211 10129
2212 10130
2213 10131
2214 10132
2215 10133
2216 10134
2217 10135
2218 10136
2219 10137
2220 10138
2221 10139
2222 10140
2223 10141
2224 10142
2225 10143
2226 10144
2227 10145
2228 10146
2229 10147
2230 10148
2231 10149
2232 10150
2233 10151
2234 10152
2235 10153
2236 10154
2237 10156
2238 10158
2239 10160
2240 10161
2241 10164
2242 10165
2243 10167
2244 10168
2245 10171
2246 10180
2247 10181
2248 10182
2249 10185
2250 10186
2251 10187
2252 10189
2253 10191
2254 10192
2255 10198
2256 10199
2257 10201
2258 10207
2259 10210
2260 10211
2261 10213
2262 10216
2263 10217
2264 10220
2265 10221
2266 10222
2267 10223
2268 10224
2269 10225
2270 10226
2271 10227
2272 10228
2273 10230
2274 10231
2275 10235
2276 10237
2277 10239
2278 10241
2279 10243
2280 10244
2281 10248
2282 10249
2283 10251
2284 10257
2285 10258
2286 10260
2287 10261
2288 10263
2289 10264
2290 10265
2291 10266
2292 10269
2293 10270
2294 10272
2295 10274
2296 10275
2297 10276
2298 10277
2299 10278
2300 10280
2301 10281
2302 10282
2303 10284
2304 10285
2305 10295
2306 10296
2307 10297
2308 10298
2309 10299
2310 10300
2311 10301
2312 10308
2313 10309
2314 10310
2315 10312
2316 10314
2317 10315
2318 10318
2319 10319
2320 10321
2321 10322
2322 10324
2323 10327
2324 10331
2325 10332
2326 10334
2327 10335
2328 10336
2329 10337
2330 10338
2331 10339
2332 10340
2333 10343
2334 10344
2335 10347
2336 10350
2337 10352
2338 10354
2339 10356
2340 10357
2341 10359
2342 10360
2343 10361
2344 10362
2345 10363
2346 10364
2347 10368
2348 10369
2349 10372
2350 10373
2351 10375
2352 10377
2353 10382
2354 10388
2355 10389
2356 10390
2357 10399
2358 10402
2359 10409
2360 10411
2361 10413
2362 10414
2363 10415
2364 10418
2365 10419
2366 10423
2367 10424
2368 10426
2369 10429
2370 10430
2371 10432
2372 10435
2373 10436
2374 10443
2375 10451
2376 10453
2377 10454
2378 10455
2379 10456
2380 10457
2381 10458
2382 10459
2383 10461
2384 10462
2385 10463
2386 10464
2387 10465
2388 10467
2389 10468
2390 10469
2391 10470
2392 10472
2393 10473
2394 10474
2395 10475
2396 10478
2397 10480
2398 10481
2399 10485
2400 10487
2401 10489
2402 10490
2403 10496
2404 10497
2405 10501
2406 10504
2407 10505
2408 10515
2409 10516
2410 10518
2411 10519
2412 10520
2413 10521
2414 10523
2415 10524
2416 10526
2417 10530
2418 10538
2419 10539
2420 10541
2421 10544
2422 10550
2423 10555
2424 10556
2425 10557
2426 10558
2427 10559
2428 10560
2429 10562
2430 10564
2431 10565
2432 10566
2433 10571
2434 10585
2435 10587
2436 10588
2437 10596
2438 10597
2439 10598
2440 10599
2441 10600
2442 10601
2443 10602
2444 10604
2445 10605
2446 10606
2447 10607
2448 10608
2449 10609
2450 10611
2451 10612
2452 10613
2453 10653
2454 10655
2455 10656
2456 10658
2457 10661
2458 10705
2459 10707
2460 10709
2461 10710
2462 10715
2463 10719
2464 10725
2465 10728
2466 10729
2467 10732
2468 10733
2469 10734
2470 10735
2471 10737
2472 10739
2473 10740
2474 10741
2475 10742
2476 10745
2477 10746
2478 10747
2479 10748
2480 10749
2481 10750
2482 10751
2483 10752
2484 10753
2485 10754
2486 10755
2487 10763
2488 10766
2489 10773
2490 10774
2491 10777
2492 10778
2493 10779
2494 10780
2495 10781
2496 10785
2497 10786
2498 10787
2499 10788
2500 10789
2501 10794
2502 10795
2503 10797
2504 10798
2505 10799
2506 10800
2507 10801
2508 10802
2509 10803
2510 10804
2511 10805
2512 10806
2513 10807
2514 10810
2515 10813
2516 10814
2517 10815
2518 10816
2519 10817
2520 10818
2521 10819
2522 10820
2523 10821
2524 10822
2525 10829
2526 10830
2527 10831
2528 10833
2529 10834
2530 10835
2531 10836
2532 10837
2533 10839
2534 10840
2535 10841
2536 10842
2537 10843
2538 10844
2539 10845
2540 10846
2541 10847
2542 10848
2543 10849
2544 10850
2545 10851
2546 10853
2547 10855
2548 10857
2549 10858
2550 10859
2551 10860
2552 10861
2553 10862
2554 10863
2555 10864
2556 10865
2557 10866
2558 10867
2559 10869
2560 10870
2561 10876
2562 10877
2563 10879
2564 10881
2565 10883
2566 10887
2567 10888
2568 10889
2569 10890
2570 10891
2571 10893
2572 10894
2573 10898
2574 10899
2575 10900
2576 10902
2577 10903
2578 10907
2579 10908
2580 10909
2581 10911
2582 10912
2583 10913
2584 10914
2585 10915
2586 10916
2587 10917
2588 10918
2589 10919
2590 10920
2591 10921
2592 10923
2593 10924
2594 10926
2595 10928
2596 10929
2597 10931
2598 10934
2599 10935
2600 10937
2601 10943
2602 10945
2603 10946
2604 10947
2605 10948
2606 10950
2607 10952
2608 10954
2609 10955
2610 10957
2611 10958
2612 10959
2613 10963
2614 10964
2615 10965
2616 10966
2617 10967
2618 10968
2619 10969
2620 10970
2621 10971
2622 10972
2623 10973
2624 10974
2625 10978
2626 10979
2627 10980
2628 10981
2629 10986
2630 10987
2631 10988
2632 10989
2633 10990
2634 10991
2635 10992
2636 10993
2637 10994
2638 10995
2639 11002
2640 11005
2641 11007
2642 11008
2643 11009
2644 11011
2645 11012
2646 11013
2647 11015
2648 11016
2649 11017
2650 11018
2651 11019
2652 11020
2653 11021
2654 11022
2655 11023
2656 11025
2657 11026
2658 11027
2659 11028
2660 11032
2661 11034
2662 11035
2663 11036
2664 11038
2665 11040
2666 11041
2667 11043
2668 11044
2669 11047
2670 11049
2671 11050
2672 11051
2673 11057
2674 11061
2675 11062
2676 11063
2677 11064
2678 11067
2679 11068
2680 11069
2681 11070
2682 11072
2683 11074
2684 11075
2685 11076
2686 11078
2687 11079
2688 11080
2689 11081
2690 11083
2691 11085
2692 11086
2693 11087
2694 11088
2695 11091
2696 11092
2697 11097
2698 11098
2699 11099
2700 11100
2701 11101
2702 11106
2703 11107
2704 11108
2705 11109
2706 11110
2707 11111
2708 11115
2709 11116
2710 11120
2711 11121
2712 11122
2713 11123
2714 11124
2715 11126
2716 11127
2717 11128
2718 11133
2719 11134
2720 11136
2721 11145
2722 11148
2723 11150
2724 11154
2725 11156
2726 11158
2727 11161
2728 11162
2729 11166
2730 11168
2731 11169
2732 11170
2733 11171
2734 11172
2735 11173
2736 11174
2737 11178
2738 11180
2739 11181
2740 11182
2741 11185
2742 11187
2743 11194
2744 11199
2745 11200
2746 11202
2747 11206
2748 11207
2749 11210
2750 11211
2751 11212
2752 11213
2753 11216
2754 11217
2755 11219
2756 11220
2757 11222
2758 11226
2759 11237
2760 11241
2761 11242
2762 11243
2763 11244
2764 11245
2765 11246
2766 11249
2767 11257
2768 11258
2769 11259
2770 11262
2771 11263
2772 11264
2773 11265
2774 11267
2775 11269
2776 11274
2777 11276
2778 11277
2779 11278
2780 11295
2781 11299
2782 11302
2783 11303
2784 11305
2785 11306
2786 11308
2787 11310
2788 11317
2789 11318
2790 11323
2791 11324
2792 11327
2793 11328
2794 11331
2795 11332
2796 11333
2797 11337
2798 11338
2799 11340
2800 11341
2801 11344
2802 11346
2803 11347
2804 11348
2805 11352
2806 11354
2807 11358
2808 11359
2809 11360
2810 11361
2811 11362
2812 11363
2813 11364
2814 11366
2815 11371
2816 11377
2817 11380
2818 11391
2819 11392
2820 11394
2821 11397
2822 11398
2823 11399
2824 11400
2825 11401
2826 11403
2827 11404
2828 11405
2829 11406
2830 11409
2831 11410
2832 11411
2833 11412
2834 11413
2835 11414
2836 11415
2837 11419
2838 11420
2839 11421
2840 11422
2841 11425
2842 11427
2843 11436
2844 11439
2845 11440
2846 11441
2847 11442
2848 11443
2849 11444
2850 11447
2851 11449
2852 11450
2853 11452
2854 11453
2855 11454
2856 11456
2857 11459
2858 11461
2859 11463
2860 11466
2861 11468
2862 11470
2863 11471
2864 11472
2865 11474
2866 11486
2867 11487
2868 11490
2869 11500
2870 11501
2871 11503
2872 11507
2873 11509
2874 11510
2875 11511
2876 11512
2877 11513
2878 11515
2879 11518
2880 11519
2881 11520
2882 11521
2883 11522
2884 11523
2885 11524
2886 11525
2887 11526
2888 11527
2889 11528
2890 11529
2891 11538
2892 11540
2893 11541
2894 11542
2895 11543
2896 11544
2897 11545
2898 11546
2899 11562
2900 11564
2901 11567
2902 11568
2903 11571
2904 11572
2905 11573
2906 11574
2907 11575
2908 11579
2909 11580
2910 11587
2911 11588
2912 11592
2913 11595
2914 11596
2915 11597
2916 11599
2917 11601
2918 11605
2919 11654
2920 11655
2921 11656
2922 11657
2923 11658
2924 11659
2925 11661
2926 11662
2927 11663
2928 11664
2929 11666
2930 11667
2931 11670
2932 11671
2933 11672
2934 11674
2935 11676
2936 11680
2937 11681
2938 11682
2939 11683
2940 11684
2941 11685
2942 11689
2943 11690
2944 11692
2945 11693
2946 11697
2947 11698
2948 11699
2949 11700
2950 11701
2951 11703
2952 11706
2953 11711
2954 11712
2955 11713
2956 11715
2957 11716
2958 11718
2959 11719
2960 11720
2961 11723
2962 11724
2963 11725
2964 11726
2965 11734
2966 11735
2967 11736
2968 11737
2969 11739
2970 11740
2971 11742
2972 11743
2973 11744
2974 11745
2975 11749
2976 11751
2977 11753
2978 11754
2979 11759
2980 11760
2981 11761
2982 11762
2983 11766
2984 11767
2985 11768
2986 11769
2987 11770
2988 11771
2989 11772
2990 11774
2991 11775
2992 11781
2993 11782
2994 11783
2995 11784
2996 11785
2997 11787
2998 11789
2999 11790
3000 11792
3001 11794
3002 11796
3003 11800
3004 11802
3005 11807
3006 11808
3007 11809
3008 11811
3009 11812
3010 11813
3011 11814
3012 11815
3013 11818
3014 11819
3015 11820
3016 11825
3017 11826
3018 11828
3019 11829
3020 11832
3021 11836
3022 11837
3023 11838
3024 11839
3025 11840
3026 11842
3027 11844
3028 11845
3029 11846
3030 11848
3031 11849
3032 11850
3033 11857
3034 11860
3035 11861
3036 11862
3037 11865
3038 11866
3039 11867
3040 11868
3041 11869
3042 11870
3043 11871
3044 11872
3045 11873
3046 11874
3047 11875
3048 11876
3049 11880
3050 11881
3051 11883
3052 11884
3053 11885
3054 11886
3055 11887
3056 11888
3057 11889
3058 11890
3059 11891
3060 11892
3061 11893
3062 11894
3063 11895
3064 11896
3065 11897
3066 11898
3067 11899
3068 11900
3069 11902
3070 11903
3071 11905
3072 11906
3073 11907
3074 11909
3075 11913
3076 11914
3077 11922
3078 11923
3079 11924
3080 11929
3081 11931
3082 11932
3083 11934
3084 11935
3085 11936
3086 11940
3087 11943
3088 11945
3089 11946
3090 11947
3091 11948
3092 11949
3093 11950
3094 11951
3095 11955
3096 11956
3097 11958
3098 11959
3099 11960
3100 11961
3101 11971
3102 11976
3103 11984
3104 11985
3105 11988
3106 11989
3107 11990
3108 11991
3109 11992
3110 11993
3111 11994
3112 11999
3113 12000
3114 12001
3115 12002
3116 12003
3117 12005
3118 12006
3119 12007
3120 12008
3121 12011
3122 12017
3123 12018
3124 12019
3125 12022
3126 12023
3127 12025
3128 12026
3129 12031
3130 12032
3131 12033
3132 12034
3133 12035
3134 12036
3135 12038
3136 12039
3137 12040
3138 12041
3139 12042
3140 12043
3141 12045
3142 12047
3143 12048
3144 12049
3145 12050
3146 12051
3147 12052
3148 12053
3149 12055
3150 12056
3151 12057
3152 12058
3153 12061
3154 12062
3155 12063
3156 12066
3157 12068
3158 12076
3159 12077
3160 12084
3161 12085
3162 12086
3163 12087
3164 12088
3165 12089
3166 12090
3167 12092
3168 12093
3169 12094
3170 12097
3171 12098
3172 12102
3173 12103
3174 12104
3175 12106
3176 12120
3177 12122
3178 12124
3179 12125
3180 12129
3181 12134
3182 12135
3183 12136
3184 12137
3185 12138
3186 12139
3187 12140
3188 12141
3189 12142
3190 12143
3191 12144
3192 12145
3193 12146
3194 12147
3195 12148
3196 12149
3197 12150
3198 12151
3199 12152
3200 12154
3201 12155
3202 12156
3203 12163
3204 12164
3205 12165
3206 12166
3207 12170
3208 12171
3209 12172
3210 12173
3211 12174
3212 12175
3213 12176
3214 12177
3215 12178
3216 12179
3217 12180
3218 12181
3219 12182
3220 12187
3221 12188
3222 12189
3223 12190
3224 12191
3225 12192
3226 12194
3227 12201
3228 12202
3229 12203
3230 12206
3231 12207
3232 12208
3233 12209
3234 12210
3235 12213
3236 12220
3237 12222
3238 12223
3239 12224
3240 12225
3241 12226
3242 12227
3243 12228
3244 12229
3245 12230
3246 12231
3247 12232
3248 12233
3249 12234
3250 12235
3251 12237
3252 12238
3253 12241
3254 12242
3255 12243
3256 12244
3257 12245
3258 12246
3259 12247
3260 12248
3261 12249
3262 12252
3263 12254
3264 12255
3265 12256
3266 12257
3267 12258
3268 12262
3269 12264
3270 12266
3271 12267
3272 12268
3273 12269
3274 12270
3275 12271
3276 12272
3277 12273
3278 12274
3279 12275
3280 12277
3281 12278
3282 12279
3283 12280
3284 12283
3285 12284
3286 12285
3287 12286
3288 12287
3289 12288
3290 12290
3291 12300
3292 12301
3293 12302
3294 12304
3295 12306
3296 12307
3297 12308
3298 12309
3299 12310
3300 12311
3301 12312
3302 12313
3303 12315
3304 12316
3305 12317
3306 12318
3307 12319
3308 12321
3309 12322
3310 12323
3311 12325
3312 12326
3313 12327
3314 12328
3315 12329
3316 12330
3317 12331
3318 12332
3319 12333
3320 12335
3321 12336
