1 2014
2 2015
3 2016
4 2017
5 2018
6 2019
7 2020
8 2021
9 2022
10 2023
11 2024
12 2027
13 2028
14 2030
15 2031
16 2032
17 2033
18 2034
19 2035
20 2036
21 2041
22 2042
23 2043
24 2044
25 2046
26 2047
27 2048
28 2049
29 2056
30 2057
31 2058
32 2063
33 2065
34 2066
35 2067
36 2068
37 2069
38 2071
39 2078
40 2079
41 2083
42 2084
43 2086
44 2087
45 2088
46 2091
47 2092
48 2093
49 2094
50 2095
51 2096
52 2097
53 2100
54 2101
55 2102
56 2103
57 2104
58 2105
59 2108
60 2109
61 2110
62 2112
63 2115
64 2116
65 2118
66 2119
67 2120
68 2121
69 2123
70 2124
71 2125
72 2126
73 2127
74 2128
75 2130
76 2131
77 2132
78 2134
79 2135
80 2140
81 2147
82 2154
83 2179
84 2187
85 2188
86 2189
87 2190
88 2191
89 2192
90 2193
91 2194
92 2195
93 2199
94 2200
95 2201
96 2204
97 2205
98 2206
99 2207
100 2208
101 2209
102 2210
103 2215
104 2218
105 2219
106 2220
107 2221
108 2225
109 2228
110 2230
111 2232
112 2238
113 2240
114 2241
115 2242
116 2243
117 2244
118 2247
119 2248
120 2249
121 2250
122 2251
123 2252
124 2253
125 2254
126 2255
127 2256
128 2257
129 2258
130 2259
131 2260
132 2261
133 2262
134 2263
135 2269
136 2270
137 2271
138 2272
139 2273
140 2276
141 2280
142 2281
143 2282
144 2283
145 2284
146 2285
147 2286
148 2287
149 2290
150 2291
151 2294
152 2304
153 2305
154 2306
155 2307
156 2309
157 2310
158 2311
159 2314
160 2315
161 2316
162 2317
163 2318
164 2319
165 2320
166 2321
167 2325
168 2326
169 2327
170 2332
171 2333
172 2334
173 2335
174 2336
175 2337
176 2338
177 2349
178 2350
179 2351
180 2352
181 2354
182 2363
183 2364
184 2365
185 2374
186 2381
187 2386
188 2387
189 2388
190 2389
191 2390
192 2391
193 2392
194 2393
195 2394
196 2395
197 2400
198 2407
199 2408
200 2409
201 2412
202 2413
203 2414
204 2415
205 2416
206 2418
207 2420
208 2425
209 2426
210 2429
211 2430
212 2431
213 2432
214 2433
215 2436
216 2437
217 2439
218 2440
219 2441
220 2446
221 2451
222 2452
223 2453
224 2454
225 2455
226 2456
227 2457
228 2458
229 2459
230 2460
231 2461
232 2462
233 2463
234 2464
235 2465
236 2468
237 2469
238 2471
239 2472
240 2473
241 2474
242 2475
243 2476
244 2477
245 2478
246 2479
247 2481
248 2482
249 2483
250 2484
251 2486
252 2488
253 2489
254 2490
255 2494
256 2495
257 2496
258 2498
259 2499
260 2500
261 2501
262 2505
263 2510
264 2511
265 2512
266 2513
267 2514
268 2515
269 2529
270 2543
271 2544
272 2545
273 2546
274 2547
275 2548
276 2556
277 2557
278 2558
279 2559
280 2560
281 2561
282 2563
283 2564
284 2565
285 2566
286 2567
287 2568
288 2569
289 2570
290 2571
291 2572
292 2573
293 2574
294 2575
295 2576
296 2577
297 2579
298 2580
299 2582
300 2583
301 2584
302 2586
303 2587
304 2588
305 2589
306 2590
307 2591
308 2595
309 2597
310 2598
311 2599
312 2600
313 2601
314 2602
315 2604
316 2605
317 2606
318 2607
319 2608
320 2609
321 2610
322 2613
323 2614
324 2615
325 2616
326 2623
327 2627
328 2632
329 2633
330 2634
331 2635
332 2645
333 2660
334 2661
335 2662
336 2663
337 2665
338 2666
339 2667
340 2673
341 2674
342 2675
343 2677
344 2678
345 2681
346 2682
347 2684
348 2687
349 2688
350 2689
351 2707
352 2712
353 2724
354 2725
355 2726
356 2727
357 2728
358 2729
359 2731
360 2732
361 2736
362 2737
363 2742
364 2745
365 2746
366 2748
367 2749
368 2755
369 2757
370 2769
371 2771
372 2772
373 2774
374 2777
375 2778
376 2779
377 2780
378 2781
379 2782
380 2783
381 2784
382 2785
383 2789
384 2790
385 2791
386 2792
387 2793
388 2796
389 2797
390 2799
391 2800
392 2801
393 2806
394 2807
395 2808
396 2809
397 2810
398 2811
399 2814
400 2817
401 2819
402 2822
403 2823
404 2824
405 2829
406 2834
407 2835
408 2836
409 2840
410 2841
411 2842
412 2844
413 2845
414 2846
415 2847
416 2848
417 2849
418 2850
419 2851
420 2852
421 2853
422 2854
423 2855
424 2856
425 2857
426 2858
427 2859
428 2866
429 2867
430 2868
431 2871
432 2874
433 2875
434 2876
435 2877
436 2883
437 2884
438 2886
439 2888
440 2903
441 2904
442 2905
443 2906
444 2907
445 2908
446 2909
447 2910
448 2911
449 2912
450 2913
451 2914
452 2915
453 2916
454 2917
455 2918
456 2919
457 2921
458 2922
459 2923
460 2924
461 2925
462 2930
463 2931
464 2932
465 2933
466 2934
467 2935
468 2936
469 2937
470 2938
471 2939
472 2940
473 2941
474 2942
475 2943
476 2944
477 2945
478 2946
479 2949
480 2967
481 2968
482 2970
483 2971
484 2973
485 2974
486 2975
487 2977
488 2978
489 2979
490 2981
491 2982
492 2983
493 2984
494 2992
495 2993
496 2994
497 2996
498 2997
499 2999
500 3000
501 3001
502 3002
503 3003
504 3004
505 3009
506 3010
507 3013
508 3017
509 3018
510 3020
511 3021
512 3022
513 3023
514 3024
515 3026
516 3031
517 3033
518 3036
519 3037
520 3038
521 3039
522 3040
523 3041
524 3042
525 3043
526 3045
527 3047
528 3048
529 3049
530 3050
531 3051
532 3052
533 3053
534 3054
535 3055
536 3056
537 3057
538 3058
539 3059
540 3060
541 3061
542 3062
543 3063
544 3064
545 3065
546 3066
547 3067
548 3068
549 3069
550 3070
551 3071
552 3072
553 3075
554 3080
555 3081
556 3082
557 3083
558 3084
559 3086
560 3087
561 3088
562 3089
563 3090
564 3091
565 3092
566 3093
567 3094
568 3095
569 3096
570 3101
571 3102
572 3103
573 3104
574 3105
575 3106
576 3107
577 3108
578 3118
579 3119
580 3120
581 3121
582 3122
583 3123
584 3124
585 3125
586 3126
587 3127
588 3128
589 3129
590 3130
591 3131
592 3133
593 3134
594 3135
595 3136
596 3137
597 3138
598 3139
599 3140
600 3141
601 3142
602 3143
603 3144
604 3148
605 3149
606 3150
607 3151
608 3152
609 3153
610 3154
611 3155
612 3156
613 3157
614 3158
615 3159
616 3162
617 3163
618 3167
619 3168
620 3170
621 3172
622 3173
623 3174
624 3175
625 3176
626 3179
627 3180
628 3182
629 3183
630 3184
631 3185
632 3187
633 3189
634 3197
635 3201
636 3203
637 3204
638 3206
639 3207
640 3208
641 3209
642 3212
643 3220
644 3222
645 3223
646 3225
647 3226
648 3227
649 3228
650 3229
651 3230
652 3231
653 3232
654 3233
655 3236
656 3238
657 3239
658 3252
659 3273
660 3276
661 3277
662 3278
663 3286
664 3287
665 3288
666 3291
667 3292
668 3293
669 3294
670 3295
671 3296
672 3297
673 3298
674 3301
675 3304
676 3306
677 3307
678 3309
679 3310
680 3311
681 3312
682 3313
683 3314
684 3316
685 3317
686 3318
687 3319
688 3321
689 3322
690 3323
691 3324
692 3327
693 3328
694 3330
695 3331
696 3332
697 3333
698 3334
699 3335
700 3336
701 3337
702 3339
703 3376
704 3377
705 3470
706 3471
707 3472
708 3473
709 3474
710 3476
711 3477
712 3478
713 3479
714 3481
715 3484
716 3486
717 3487
718 3488
719 3490
720 3492
721 3499
722 3503
723 3511
724 3516
725 3518
726 3519
727 3521
728 3522
729 3523
730 3524
731 3525
732 3527
733 3528
734 3529
735 3530
736 3534
737 3535
738 3536
739 3537
740 3538
741 3539
742 3540
743 3541
744 3543
745 3544
746 3545
747 3546
748 3547
749 3548
750 3550
751 3553
752 3554
753 3555
754 3556
755 3557
756 3558
757 3559
758 3560
759 3561
760 3563
761 3564
762 3568
763 3571
764 3572
765 3576
766 3577
767 3579
768 3580
769 3581
770 3582
771 3583
772 3584
773 3585
774 3587
775 3589
776 3597
777 3598
778 3599
779 3600
780 3601
781 3604
782 3605
783 3606
784 3608
785 3609
786 3611
787 3616
788 3617
789 3618
790 3619
791 3622
792 3623
793 3625
794 3626
795 3627
796 3628
797 3632
798 3633
799 3636
800 3638
801 3639
802 3640
803 3641
804 3642
805 3644
806 3645
807 3646
808 3650
809 3651
810 3652
811 3653
812 3654
813 3655
814 3656
815 3657
816 3658
817 3659
818 3660
819 3661
820 3662
821 3663
822 3664
823 3665
824 3666
825 3667
826 3668
827 3669
828 3670
829 3671
830 3672
831 3673
832 3674
833 3675
834 3676
835 3677
836 3678
837 3679
838 3681
839 3682
840 3683
841 3684
842 3685
843 3687
844 3689
845 3690
846 3691
847 3692
848 3693
849 3694
850 3695
851 3696
852 3697
853 3699
854 3700
855 3701
856 3702
857 3703
858 3706
859 3708
860 3709
861 3711
862 3712
863 3713
864 3715
865 3716
866 3717
867 3718
868 3719
869 3720
870 3721
871 3722
872 3723
873 3724
874 3725
875 3726
876 3727
877 3728
878 3729
879 3730
880 3731
881 3732
882 3733
883 3734
884 3735
885 3736
886 3737
887 3738
888 3739
889 3740
890 3741
891 3742
892 3744
893 3745
894 3746
895 3747
896 3748
897 3749
898 3750
899 3751
900 3752
901 3753
902 3754
903 3755
904 3756
905 3757
906 3758
907 3759
908 3763
909 3764
910 3765
911 3766
912 3767
913 3768
914 3769
915 3770
916 3771
917 3772
918 3773
919 3776
920 3779
921 3780
922 3784
923 3787
924 3788
925 3789
926 3790
927 3791
928 3792
929 3794
930 3797
931 3798
932 3799
933 3801
934 3802
935 3805
936 3807
937 3808
938 3809
939 3810
940 3811
941 3812
942 3813
943 3814
944 3815
945 3816
946 3817
947 3818
948 3819
949 3820
950 3823
951 3824
952 3826
953 3828
954 3829
955 3830
956 3835
957 3836
958 3838
959 3839
960 3842
961 3843
962 3846
963 3848
964 3852
965 3853
966 3854
967 3855
968 3856
969 3857
970 3858
971 3862
972 3865
973 3866
974 3867
975 3868
976 3869
977 3870
978 3876
979 3877
980 3878
981 3879
982 3880
983 3881
984 3882
985 3883
986 3884
987 3885
988 3886
989 3887
990 3888
991 3889
992 3890
993 3891
994 3892
995 3893
996 3894
997 3895
998 3896
999 3897
1000 3898
1001 3899
1002 3900
1003 3901
1004 3903
1005 3904
1006 3905
1007 3906
1008 3907
1009 3908
1010 3909
1011 3910
1012 3913
1013 3914
1014 3915
1015 3917
1016 3918
1017 3919
1018 3922
1019 3923
1020 3927
1021 3929
1022 3930
1023 3933
1024 3934
1025 3935
1026 3936
1027 3937
1028 3939
1029 3940
1030 3941
1031 3942
1032 3943
1033 3944
1034 3947
1035 3948
1036 3949
1037 3950
1038 3951
1039 3952
1040 3953
1041 3954
1042 3955
1043 3956
1044 3957
1045 3958
1046 3959
1047 3960
1048 3962
1049 3963
1050 3964
1051 3965
1052 3966
1053 3968
1054 3969
1055 3970
1056 3972
1057 3973
1058 3974
1059 3975
1060 3976
1061 3977
1062 3978
1063 3980
1064 3981
1065 3983
1066 3984
1067 3985
1068 3986
1069 3987
1070 3988
1071 3989
1072 3990
1073 3991
1074 3992
1075 3993
1076 3994
1077 3995
1078 3996
1079 3997
1080 3998
1081 3999
1082 4000
1083 4001
1084 4002
1085 4003
1086 4004
1087 4005
1088 4006
1089 4007
1090 4008
1091 4009
1092 4010
1093 4011
1094 4012
1095 4013
1096 4014
1097 4015
1098 4018
1099 4020
1100 4021
1101 4022
1102 4023
1103 4024
1104 4025
1105 4026
1106 4027
1107 4028
1108 4029
1109 4031
1110 4034
1111 4035
1112 4038
1113 4039
1114 4041
1115 4043
1116 4044
1117 4045
1118 4046
1119 4047
1120 4048
1121 4049
1122 4050
1123 4051
1124 4057
1125 4058
1126 4059
1127 4060
1128 4061
1129 4062
1130 4063
1131 4064
1132 4065
1133 4066
1134 4067
1135 4068
1136 4069
1137 4070
1138 4071
1139 4072
1140 4073
1141 4075
1142 4076
1143 4077
1144 4078
1145 4079
1146 4081
1147 4082
1148 4083
1149 4084
1150 4085
1151 4086
1152 4087
1153 4088
1154 4089
1155 4090
1156 4091
1157 4092
1158 4093
1159 4094
1160 4095
1161 4096
1162 4097
1163 4098
1164 4099
1165 4100
1166 4101
1167 4102
1168 4103
1169 4104
1170 4105
1171 4106
1172 4107
1173 4108
1174 4109
1175 4110
1176 4111
1177 4112
1178 4113
1179 4114
1180 4115
1181 4116
1182 4117
1183 4118
1184 4119
1185 4120
1186 4121
1187 4122
1188 4123
1189 4124
1190 4125
1191 4128
1192 4129
1193 4130
1194 4131
1195 4132
1196 4133
1197 4134
1198 4135
1199 4136
1200 4137
1201 4138
1202 4139
1203 4140
1204 4141
1205 4142
1206 4143
1207 4144
1208 4145
1209 4146
1210 4147
1211 4148
1212 4149
1213 4151
1214 4152
1215 4153
1216 4154
1217 4155
1218 4156
1219 4157
1220 4158
1221 4159
1222 4160
1223 4161
1224 4162
1225 4163
1226 4164
1227 4165
1228 4166
1229 4167
1230 4168
1231 4169
1232 4170
1233 4171
1234 4179
1235 4180
1236 4181
1237 4182
1238 4183
1239 4184
1240 4185
1241 4187
1242 4188
1243 4189
1244 4190
1245 4191
1246 4192
1247 4193
1248 4195
1249 4196
1250 4201
1251 4202
1252 4203
1253 4204
1254 4205
1255 4206
1256 4207
1257 4208
1258 4209
1259 4210
1260 4211
1261 4212
1262 4213
1263 4214
1264 4215
1265 4216
1266 4217
1267 4218
1268 4219
1269 4220
1270 4226
1271 4227
1272 4228
1273 4229
1274 4230
1275 4231
1276 4232
1277 4233
1278 4234
1279 4235
1280 4237
1281 4238
1282 4239
1283 4240
1284 4241
1285 4242
1286 4243
1287 4245
1288 4246
1289 4247
1290 4248
1291 4249
1292 4250
1293 4251
1294 4252
1295 4253
1296 4255
1297 4256
1298 4257
1299 4258
1300 4262
1301 4263
1302 4264
1303 4265
1304 4266
1305 4267
1306 4268
1307 4269
1308 4270
1309 4271
1310 4272
1311 4273
1312 4274
1313 4275
1314 4276
1315 4277
1316 4278
1317 4279
1318 4280
1319 4281
1320 4282
1321 4284
1322 4286
1323 4287
1324 4288
1325 4289
1326 4290
1327 4291
1328 4292
1329 4293
1330 4294
1331 4295
1332 4296
1333 4297
1334 4298
1335 4299
1336 4300
1337 4301
1338 4302
1339 4303
1340 4304
1341 4305
1342 4306
1343 4307
1344 4308
1345 4309
1346 4310
1347 4311
1348 4312
1349 4313
1350 4316
1351 4317
1352 4318
1353 4319
1354 4320
1355 4321
1356 4322
1357 4323
1358 4324
1359 4325
1360 4326
1361 4327
1362 4328
1363 4329
1364 4330
1365 4331
1366 4332
1367 4333
1368 4334
1369 4335
1370 4336
1371 4337
1372 4338
1373 4340
1374 4341
1375 4342
1376 4343
1377 4344
1378 4345
1379 4346
1380 4347
1381 4348
1382 4349
1383 4350
1384 4351
1385 4352
1386 4353
1387 4354
1388 4355
1389 4356
1390 4357
1391 4358
1392 4359
1393 4360
1394 4361
1395 4362
1396 4364
1397 4365
1398 4366
1399 4367
1400 4368
1401 4369
1402 4371
1403 4372
1404 4373
1405 4374
1406 4375
1407 4376
1408 4377
1409 4378
1410 4379
1411 4380
1412 4381
1413 4382
1414 4383
1415 4384
1416 4385
1417 4386
1418 4387
1419 4388
1420 4389
1421 4390
1422 4391
1423 4392
1424 4393
1425 4394
1426 4395
1427 4396
1428 4397
1429 4398
1430 4399
1431 4400
1432 4401
1433 4402
1434 4403
1435 4404
1436 4405
1437 4406
1438 4407
1439 4408
1440 4409
1441 4410
1442 4411
1443 4412
1444 4413
1445 4414
1446 4415
1447 4416
1448 4417
1449 4418
1450 4419
1451 4420
1452 4421
1453 4422
1454 4423
1455 4424
1456 4425
1457 4426
1458 4427
1459 4428
1460 4429
1461 4430
1462 4431
1463 4432
1464 4435
1465 4437
1466 4438
1467 4439
1468 4440
1469 4441
1470 4442
1471 4443
1472 4444
1473 4445
1474 4446
1475 4447
1476 4448
1477 4449
1478 4450
1479 4451
1480 4452
1481 4453
1482 4454
1483 4455
1484 4456
1485 4457
1486 4460
1487 4461
1488 4462
1489 4463
1490 4464
1491 4465
1492 4466
1493 4467
1494 4468
1495 4469
1496 4470
1497 4471
1498 4472
1499 4473
1500 4474
1501 4475
1502 4476
1503 4477
1504 4478
1505 4479
1506 4480
1507 4481
1508 4482
1509 4483
1510 4484
1511 4485
1512 4486
1513 4487
1514 4488
1515 4489
1516 4490
1517 4491
1518 4492
1519 4493
1520 4494
1521 4495
1522 4496
1523 4497
1524 4498
1525 4499
1526 4500
1527 4501
1528 4502
1529 4503
1530 4504
1531 4505
1532 4506
1533 4507
1534 4508
1535 4509
1536 4510
1537 4511
1538 4512
1539 4513
1540 4514
1541 4515
1542 4516
1543 4517
1544 4518
1545 4519
1546 4520
1547 4521
1548 4522
1549 4523
1550 4524
1551 4525
1552 4526
1553 4527
1554 4528
1555 4529
1556 4530
1557 4531
1558 4532
1559 4533
1560 4534
1561 4535
1562 4536
1563 4537
1564 4538
1565 4539
1566 4540
1567 4541
1568 4543
1569 4544
1570 4545
1571 4546
1572 4547
1573 4548
1574 4549
1575 4550
1576 4551
1577 4552
1578 4553
1579 4554
1580 4555
1581 4556
1582 4557
1583 4558
1584 4559
1585 4560
1586 4561
1587 4562
1588 4563
1589 4564
1590 4565
1591 4566
1592 4567
1593 4568
1594 4569
1595 4570
1596 4571
1597 4572
1598 4573
1599 4574
1600 4575
1601 4576
1602 4577
1603 4578
1604 4580
1605 4581
1606 4584
1607 4585
1608 4586
1609 4587
1610 4588
1611 4589
1612 4590
1613 4591
1614 4592
1615 4593
1616 4594
1617 4595
1618 4596
1619 4597
1620 4598
1621 4599
1622 4600
1623 4601
1624 4602
1625 4604
1626 4605
1627 4606
1628 4607
1629 4608
1630 4609
1631 4610
1632 4612
1633 4613
1634 4614
1635 4615
1636 4616
1637 4617
1638 4618
1639 4619
1640 4620
1641 4624
1642 4625
1643 4626
1644 4627
1645 4628
1646 4629
1647 4630
1648 4631
1649 4632
1650 4633
1651 4634
1652 4635
1653 4636
1654 4637
1655 4638
1656 4639
1657 4640
1658 4641
1659 4642
1660 4643
1661 4644
1662 4645
1663 4646
1664 4647
1665 4648
1666 4649
1667 4652
1668 4653
1669 4654
1670 4655
1671 4656
1672 4657
1673 4658
1674 4659
1675 4660
1676 4661
1677 4662
1678 4663
1679 4664
1680 4665
1681 4666
1682 4667
1683 4668
1684 4669
1685 4670
1686 4671
1687 4672
1688 4673
1689 4674
1690 4675
1691 4676
1692 4677
1693 4678
1694 4680
1695 4681
1696 4682
1697 4683
1698 4684
1699 4685
1700 4686
1701 4687
1702 4688
1703 4689
1704 4690
1705 4691
1706 4692
1707 4693
1708 4694
1709 4695
1710 4696
1711 4697
1712 4698
1713 4699
1714 4700
1715 4701
1716 4702
1717 4703
1718 4704
1719 4705
1720 4707
1721 4709
1722 4712
1723 4713
1724 4714
1725 4716
1726 4717
1727 4718
1728 4719
1729 4720
1730 4721
1731 4722
1732 4723
1733 4724
1734 4725
1735 4726
1736 4727
1737 4728
1738 4729
1739 4730
1740 4731
1741 4732
1742 4734
1743 4735
1744 4736
1745 4737
1746 4738
1747 4739
1748 4740
1749 4741
1750 4742
1751 4743
1752 4744
1753 4745
1754 4746
1755 4747
1756 4748
1757 4749
1758 4750
1759 4751
1760 4752
1761 4753
1762 4754
1763 4755
1764 4756
1765 4757
1766 4758
1767 4759
1768 4760
1769 4761
1770 4762
1771 4763
1772 4764
1773 4765
1774 4766
1775 4767
1776 4768
1777 4769
1778 4770
1779 4771
1780 4772
1781 4777
1782 4778
1783 4779
1784 4780
1785 4781
1786 4782
1787 4783
1788 4784
1789 4785
1790 4786
1791 4787
1792 4788
1793 4789
1794 4790
1795 4791
1796 4792
1797 4793
1798 4796
1799 4797
1800 4799
1801 4800
1802 4801
1803 4802
1804 4803
1805 4804
1806 4805
1807 4806
1808 4807
1809 4808
1810 4809
1811 4810
1812 4811
1813 4812
1814 4813
1815 4814
1816 4815
1817 4816
1818 4817
1819 4818
1820 4819
1821 4820
1822 4821
1823 4822
1824 4823
1825 4824
1826 4825
1827 4826
1828 4827
1829 4828
1830 4829
1831 4830
1832 4831
1833 4832
1834 4833
1835 4834
1836 4835
1837 4836
1838 4837
1839 4838
1840 4839
1841 4840
1842 4841
1843 4842
1844 4843
1845 4844
1846 4845
1847 4847
1848 4848
1849 4849
1850 4850
1851 4851
1852 4852
1853 4853
1854 4854
1855 4855
1856 4856
1857 4857
1858 4858
1859 4859
1860 4860
1861 4861
1862 4862
1863 4863
1864 4864
1865 4865
1866 4866
1867 4867
1868 4868
1869 4869
1870 4870
1871 4871
1872 4872
1873 4873
1874 4875
1875 4876
1876 4877
1877 4878
1878 4879
1879 4880
1880 4881
1881 4882
1882 4883
1883 4884
1884 4885
1885 4886
1886 4887
1887 4888
1888 4889
1889 4890
1890 4891
1891 4892
1892 4893
1893 4894
1894 4895
1895 4896
1896 4897
1897 4898
1898 4899
1899 4900
1900 4901
1901 4903
1902 4904
1903 4905
1904 4907
1905 4909
1906 4910
1907 4911
1908 4912
1909 4913
1910 4914
1911 4915
1912 4916
1913 4917
1914 4918
1915 4919
1916 4920
1917 4921
1918 4922
1919 4923
1920 4924
1921 4925
1922 4926
1923 4927
1924 4928
1925 4929
1926 4930
1927 4932
1928 4933
1929 4934
1930 4935
1931 4936
1932 4937
1933 4938
1934 4939
1935 4940
1936 4941
1937 4942
1938 4947
1939 4949
1940 4950
1941 4951
1942 4952
1943 4953
1944 4954
1945 4955
1946 4956
1947 4957
1948 4960
1949 4961
1950 4962
1951 4963
1952 4964
1953 4965
1954 4966
1955 4967
1956 4968
1957 4969
1958 4970
1959 4971
1960 4972
1961 4973
1962 4974
1963 4975
1964 4976
1965 4977
1966 4982
1967 4984
1968 4986
1969 4987
1970 4988
1971 4989
1972 4991
1973 4992
1974 4993
1975 4994
1976 4995
1977 4997
1978 4998
1979 4999
1980 5000
1981 5001
1982 5002
1983 5003
1984 5004
1985 5005
1986 5006
1987 5007
1988 5008
1989 5009
1990 5010
1991 5011
1992 5012
1993 5013
1994 5014
1995 5015
1996 5016
1997 5017
1998 5018
1999 5019
2000 5020
2001 5021
2002 5022
2003 5023
2004 5024
2005 5025
2006 5026
2007 5027
2008 5028
2009 5029
2010 5031
2011 5032
2012 5033
2013 5034
2014 5035
2015 5037
2016 5038
2017 5039
2018 5040
2019 5041
2020 5042
2021 5043
2022 5044
2023 5045
2024 5046
2025 5047
2026 5048
2027 5049
2028 5050
2029 5051
2030 5052
2031 5053
2032 5054
2033 5055
2034 5056
2035 5057
2036 5058
2037 5059
2038 5060
2039 5061
2040 5062
2041 5063
2042 5064
2043 5065
2044 5066
2045 5067
2046 5068
2047 5069
2048 5070
2049 5071
2050 5072
2051 5073
2052 5074
2053 5075
2054 5076
2055 5077
2056 5078
2057 5083
2058 5084
2059 5085
2060 5086
2061 5087
2062 5088
2063 5089
2064 5091
2065 5092
2066 5093
2067 5094
2068 5095
2069 5096
2070 5097
2071 5098
2072 5099
2073 5105
2074 5106
2075 5107
2076 5108
2077 5109
2078 5111
2079 5112
2080 5113
2081 5114
2082 5116
2083 5118
2084 5120
2085 5121
2086 5123
2087 5124
2088 5125
2089 5126
2090 5127
2091 5128
2092 5129
2093 5131
2094 5134
2095 5135
2096 5136
2097 5137
2098 5138
2099 5139
2100 5145
2101 5146
2102 5147
2103 5148
2104 5149
2105 5150
2106 5152
2107 5155
2108 5157
2109 5158
2110 5159
2111 5160
2112 5161
2113 5162
2114 5166
2115 5167
2116 5168
2117 5169
2118 5170
2119 5172
2120 5173
2121 5174
2122 5175
2123 5176
2124 5177
2125 5178
2126 5181
2127 5182
2128 5183
2129 5184
2130 5185
2131 5186
2132 5187
2133 5190
2134 5192
2135 5193
2136 5195
2137 5196
2138 5197
2139 5199
2140 5201
2141 5202
2142 5203
2143 5204
2144 5205
2145 5206
2146 5207
2147 5208
2148 5209
2149 5210
2150 5211
2151 5212
2152 5213
2153 5214
2154 5215
2155 5220
2156 5221
2157 5222
2158 5223
2159 5224
2160 5225
2161 5226
2162 5228
2163 5229
2164 5230
2165 5231
2166 5232
2167 5233
2168 5235
2169 5236
2170 5239
2171 5240
2172 5241
2173 5242
2174 5244
2175 5245
2176 5247
2177 5248
2178 5249
2179 5250
2180 5251
2181 5252
2182 5253
2183 5255
2184 5256
2185 5257
2186 5258
2187 5259
2188 5260
2189 5261
2190 5262
2191 5263
2192 5264
2193 5265
2194 5267
2195 5268
2196 5269
2197 5270
2198 5271
2199 5272
2200 5273
2201 5275
2202 5276
2203 5281
2204 5282
2205 5283
2206 5284
2207 5289
2208 5290
2209 5292
2210 5293
2211 5294
2212 5295
2213 5296
2214 5298
2215 5299
2216 5301
2217 5302
2218 5304
2219 5305
2220 5306
2221 5307
2222 5308
2223 5309
2224 5310
2225 5311
2226 5312
2227 5313
2228 5314
2229 5315
2230 5316
2231 5317
2232 5318
2233 5319
2234 5320
2235 5321
2236 5322
2237 5323
2238 5324
2239 5325
2240 5326
2241 5327
2242 5328
2243 5329
2244 5331
2245 5334
2246 5335
2247 5336
2248 5337
2249 5338
2250 5339
2251 5341
2252 5342
2253 5344
2254 5345
2255 5346
2256 5347
2257 5348
2258 5349
2259 5350
2260 5351
2261 5352
2262 5353
2263 5354
2264 5355
2265 5356
2266 5357
2267 5358
2268 5359
2269 5360
2270 5361
2271 5362
2272 5363
2273 5364
2274 5365
2275 5366
2276 5368
2277 5369
2278 5370
2279 5371
2280 5372
2281 5373
2282 5375
2283 5376
2284 5377
2285 5382
2286 5383
2287 5384
2288 5385
2289 5386
2290 5387
2291 5388
2292 5389
2293 5390
2294 5392
2295 5394
2296 5395
2297 5396
2298 5398
2299 5399
2300 5401
2301 5402
2302 5403
2303 5405
2304 5406
2305 5407
2306 5408
2307 5409
2308 5410
2309 5411
2310 5414
2311 5415
2312 5418
2313 5419
2314 5420
2315 5422
2316 5424
2317 5425
2318 5426
2319 5427
2320 5428
2321 5429
2322 5430
2323 5431
2324 5433
2325 5434
2326 5435
2327 5436
2328 5437
2329 5438
2330 5439
2331 5440
2332 5441
2333 5442
2334 5443
2335 5444
2336 5445
2337 5446
2338 5447
2339 5448
2340 5449
2341 5450
2342 5451
2343 5452
2344 5453
2345 5456
2346 5460
2347 5461
2348 5463
2349 5464
2350 5465
2351 5466
2352 5468
2353 5471
2354 5472
2355 5473
2356 5474
2357 5475
2358 5476
2359 5477
2360 5479
2361 5482
2362 5483
2363 5484
2364 5485
2365 5486
2366 5487
2367 5488
2368 5491
2369 5492
2370 5493
2371 5495
2372 5496
2373 5497
2374 5498
2375 5499
2376 5500
2377 5501
2378 5502
2379 5505
2380 5506
2381 5507
2382 5508
2383 5510
2384 5511
2385 5515
2386 5516
2387 5517
2388 5518
2389 5519
2390 5520
2391 5523
2392 5525
2393 5527
2394 5528
2395 5529
2396 5531
2397 5532
2398 5533
2399 5535
2400 5537
2401 5540
2402 5541
2403 5543
2404 5544
2405 5545
2406 5546
2407 5548
2408 5549
2409 5550
2410 5551
2411 5552
2412 5553
2413 5557
2414 5559
2415 5562
2416 5563
2417 5564
2418 5565
2419 5566
2420 5567
2421 5568
2422 5569
2423 5570
2424 5571
2425 5572
2426 5573
2427 5574
2428 5575
2429 5576
2430 5579
2431 5580
2432 5581
2433 5582
2434 5583
2435 5584
2436 5585
2437 5586
2438 5587
2439 5588
2440 5589
2441 5590
2442 5591
2443 5592
2444 5593
2445 5594
2446 5595
2447 5596
2448 5597
2449 5598
2450 5599
2451 5600
2452 5602
2453 5606
2454 5607
2455 5611
2456 5613
2457 5614
2458 5615
2459 5616
2460 5617
2461 5618
2462 5619
2463 5620
2464 5621
2465 5622
2466 5623
2467 5624
2468 5626
2469 5629
2470 5630
2471 5632
2472 5634
2473 5635
2474 5636
2475 5637
2476 5638
2477 5639
2478 5640
2479 5642
2480 5644
2481 5645
2482 5647
2483 5648
2484 5649
2485 5650
2486 5651
2487 5652
2488 5653
2489 5654
2490 5655
2491 5656
2492 5657
2493 5658
2494 5659
2495 5660
2496 5661
2497 5662
2498 5663
2499 5664
2500 5665
2501 5666
2502 5668
2503 5670
2504 5671
2505 5672
2506 5673
2507 5674
2508 5675
2509 5676
2510 5677
2511 5678
2512 5679
2513 5680
2514 5684
2515 5685
2516 5694
2517 5697
2518 5698
2519 5699
2520 5700
2521 5701
2522 5702
2523 5703
2524 5704
2525 5705
2526 5706
2527 5707
2528 5708
2529 5709
2530 5710
2531 5711
2532 5712
2533 5713
2534 5714
2535 5715
2536 5716
2537 5717
2538 5718
2539 5719
2540 5720
2541 5721
2542 5724
2543 5726
2544 5728
2545 5729
2546 5730
2547 5740
2548 5741
2549 5742
2550 5743
2551 5746
2552 5747
2553 5748
2554 5749
2555 5751
2556 5753
2557 5754
2558 5755
2559 5756
2560 5757
2561 5758
2562 5760
2563 5761
2564 5763
2565 5766
2566 5769
2567 5773
2568 5774
2569 5775
2570 5776
2571 5778
2572 5779
2573 5780
2574 5781
2575 5782
2576 5783
2577 5784
2578 5785
2579 5786
2580 5787
2581 5788
2582 5789
2583 5790
2584 5791
2585 5792
2586 5793
2587 5794
2588 5795
2589 5796
2590 5797
2591 5800
2592 5801
2593 5802
2594 5804
2595 5805
2596 5806
2597 5807
2598 5808
2599 5809
2600 5810
2601 5811
2602 5812
2603 5813
2604 5814
2605 5815
2606 5816
2607 5818
2608 5819
2609 5820
2610 5821
2611 5822
2612 5824
2613 5825
2614 5829
2615 5831
2616 5832
2617 5833
2618 5834
2619 5835
2620 5836
2621 5837
2622 5838
2623 5839
2624 5840
2625 5841
2626 5843
2627 5845
2628 5846
2629 5847
2630 5848
2631 5849
2632 5850
2633 5851
2634 5852
2635 5853
2636 5854
2637 5857
2638 5858
2639 5859
2640 5860
2641 5866
2642 5868
2643 5869
2644 5870
2645 5871
2646 5872
2647 5873
2648 5875
2649 5876
2650 5877
2651 5878
2652 5879
2653 5880
2654 5881
2655 5883
2656 5884
2657 5885
2658 5886
2659 5887
2660 5888
2661 5890
2662 5891
2663 5892
2664 5896
2665 5897
2666 5898
2667 5899
2668 5900
2669 5907
2670 5908
2671 5909
2672 5911
2673 5912
2674 5913
2675 5914
2676 5915
2677 5917
2678 5926
2679 5931
2680 5932
2681 5933
2682 5934
2683 5935
2684 5936
2685 5937
2686 5939
2687 5940
2688 5941
2689 5942
2690 5943
2691 5944
2692 5946
2693 5947
2694 5948
2695 5949
2696 5955
2697 5958
2698 5961
2699 5962
2700 5963
2701 5965
2702 5966
2703 5967
2704 5974
2705 5975
2706 5976
2707 5978
2708 5979
2709 5980
2710 5981
2711 5982
2712 5983
2713 5984
2714 5985
2715 5986
2716 5988
2717 5990
2718 5991
2719 5992
2720 5993
2721 5994
2722 5995
2723 5997
2724 5998
2725 5999
2726 6000
2727 6001
2728 6002
2729 6003
2730 6004
2731 6005
2732 6006
2733 6007
2734 6008
2735 6009
2736 6010
2737 6012
2738 6013
2739 6014
2740 6015
2741 6016
2742 6017
2743 6018
2744 6019
2745 6021
2746 6022
2747 6023
2748 6024
2749 6025
2750 6026
2751 6027
2752 6028
2753 6029
2754 6030
2755 6031
2756 6033
2757 6034
2758 6035
2759 6036
2760 6037
2761 6038
2762 6039
2763 6040
2764 6041
2765 6042
2766 6043
2767 6044
2768 6045
2769 6046
2770 6047
2771 6048
2772 6049
2773 6050
2774 6051
2775 6052
2776 6054
2777 6060
2778 6061
2779 6063
2780 6064
2781 6065
2782 6066
2783 6070
2784 6072
2785 6073
2786 6074
2787 6076
2788 6078
2789 6079
2790 6080
2791 6081
2792 6084
2793 6085
2794 6091
2795 6092
2796 6094
2797 6095
2798 6096
2799 6097
2800 6098
2801 6100
2802 6101
2803 6102
2804 6103
2805 6104
2806 6105
2807 6107
2808 6109
2809 6113
2810 6120
2811 6121
2812 6125
2813 6130
2814 6132
2815 6136
2816 6140
2817 6142
2818 6143
2819 6144
2820 6146
2821 6147
2822 6148
2823 6149
2824 6152
2825 6154
2826 6155
2827 6170
2828 6172
2829 6174
2830 6175
2831 6177
2832 6178
2833 6181
2834 6191
2835 6193
2836 6194
2837 6195
2838 6196
2839 6197
2840 6198
2841 6199
2842 6200
2843 6202
2844 6203
2845 6204
2846 6205
2847 6206
2848 6207
2849 6209
2850 6210
2851 6211
2852 6213
2853 6214
2854 6215
2855 6216
2856 6220
2857 6228
2858 6230
2859 6231
2860 6232
2861 6233
2862 6235
2863 6236
2864 6237
2865 6238
2866 6239
2867 6240
2868 6243
2869 6244
2870 6245
2871 6249
2872 6250
2873 6252
2874 6253
2875 6254
2876 6255
2877 6256
2878 6257
2879 6258
2880 6260
2881 6263
2882 6266
2883 6271
2884 6273
2885 6275
2886 6276
2887 6277
2888 6278
2889 6279
2890 6280
2891 6281
2892 6282
2893 6283
2894 6286
2895 6287
2896 6288
2897 6289
2898 6290
2899 6291
2900 6292
2901 6293
2902 6294
2903 6296
2904 6297
2905 6298
2906 6299
2907 6301
2908 6302
2909 6303
2910 6304
2911 6305
2912 6306
2913 6309
2914 6311
2915 6313
2916 6314
2917 6315
2918 6319
2919 6320
2920 6321
2921 6323
2922 6324
2923 6325
2924 6327
2925 6328
2926 6329
2927 6330
2928 6331
2929 6332
2930 6333
2931 6334
2932 6336
2933 6337
2934 6338
2935 6339
2936 6340
2937 6341
2938 6342
2939 6343
2940 6350
2941 6351
2942 6352
2943 6353
2944 6356
2945 6358
2946 6361
2947 6362
2948 6363
2949 6364
2950 6368
2951 6369
2952 6372
2953 6373
2954 6377
2955 6378
2956 6381
2957 6384
2958 6385
2959 6386
2960 6388
2961 6389
2962 6390
2963 6391
2964 6392
2965 6393
2966 6397
2967 6398
2968 6399
2969 6400
2970 6403
2971 6404
2972 6407
2973 6408
2974 6409
2975 6410
2976 6411
2977 6412
2978 6415
2979 6416
2980 6417
2981 6418
2982 6419
2983 6420
2984 6421
2985 6422
2986 6427
2987 6430
2988 6432
2989 6433
2990 6436
2991 6438
2992 6439
2993 6443
2994 6444
2995 6445
2996 6446
2997 6447
2998 6448
2999 6449
3000 6450
3001 6452
3002 6453
3003 6454
3004 6455
3005 6456
3006 6457
3007 6458
3008 6459
3009 6460
3010 6461
3011 6462
3012 6463
3013 6465
3014 6466
3015 6468
3016 6469
3017 6470
3018 6471
3019 6472
3020 6473
3021 6475
3022 6476
3023 6477
3024 6478
3025 6479
3026 6481
3027 6483
3028 6484
3029 6485
3030 6486
3031 6487
3032 6490
3033 6491
3034 6492
3035 6494
3036 6495
3037 6496
3038 6497
3039 6498
3040 6500
3041 6502
3042 6505
3043 6507
3044 6511
3045 6513
3046 6514
3047 6515
3048 6516
3049 6517
3050 6518
3051 6519
3052 6520
3053 6521
3054 6522
3055 6523
3056 6524
3057 6526
3058 6528
3059 6530
3060 6531
3061 6532
3062 6533
3063 6535
3064 6536
3065 6537
3066 6538
3067 6539
3068 6540
3069 6541
3070 6542
3071 6543
3072 6544
3073 6545
3074 6546
3075 6547
3076 6548
3077 6550
3078 6551
3079 6552
3080 6553
3081 6554
3082 6555
3083 6556
3084 6557
3085 6558
3086 6560
3087 6563
3088 6564
3089 6565
3090 6567
3091 6568
3092 6569
3093 6572
3094 6574
3095 6575
3096 6580
3097 6581
3098 6582
3099 6583
3100 6584
3101 6585
3102 6587
3103 6588
3104 6590
3105 6591
3106 6594
3107 6596
3108 6599
3109 6602
3110 6603
3111 6605
3112 6608
3113 6612
3114 6614
3115 6615
3116 6619
3117 6620
3118 6621
3119 6623
3120 6628
3121 6629
3122 6630
3123 6631
3124 6634
3125 6638
3126 6640
3127 6641
3128 6642
