1 2
2 3
3 4
4 5
5 6
6 7
7 8
8 9
9 10
10 11
11 12
12 13
13 14
14 15
15 16
16 17
17 19
18 20
19 21
20 23
21 24
22 28
23 29
24 30
25 31
26 38
27 39
28 40
29 41
30 42
31 47
32 48
33 51
34 67
35 69
36 71
37 72
38 73
39 74
40 76
41 77
42 78
43 80
44 84
45 87
46 89
47 91
48 92
49 94
50 96
51 98
52 99
53 100
54 104
55 105
56 107
57 109
58 110
59 112
60 113
61 115
62 118
63 119
64 120
65 124
66 126
67 131
68 134
69 147
70 153
71 157
72 158
73 162
74 163
75 171
76 172
77 177
78 178
79 179
80 180
81 181
82 186
83 187
84 188
85 189
86 190
87 191
88 194
89 196
90 198
91 199
92 200
93 201
94 205
95 207
96 208
97 214
98 216
99 219
100 220
101 228
102 230
103 237
104 238
105 241
106 242
107 243
108 247
109 249
110 250
111 251
112 252
113 253
114 254
115 255
116 257
117 259
118 271
119 272
120 273
121 274
122 275
123 276
124 282
125 283
126 284
127 285
128 286
129 287
130 290
131 291
132 292
133 297
134 298
135 299
136 328
137 329
138 335
139 337
140 346
141 347
142 348
143 351
144 352
145 353
146 355
147 357
148 359
149 360
150 363
151 364
152 365
153 376
154 377
155 378
156 379
157 380
158 381
159 382
160 383
161 384
162 385
163 386
164 387
165 395
166 398
167 399
168 403
169 405
170 406
171 407
172 408
173 409
174 410
175 411
176 412
177 413
178 419
179 422
180 427
181 428
182 440
183 479
184 480
185 484
186 485
187 490
188 491
189 492
190 493
191 494
192 495
193 499
194 501
195 503
196 507
197 510
198 513
199 520
200 531
201 539
202 541
203 543
204 544
205 545
206 546
207 547
208 548
209 558
210 559
211 561
212 564
213 565
214 566
215 568
216 573
217 574
218 575
219 576
220 577
221 579
222 580
223 589
224 590
225 591
226 593
227 596
228 599
229 601
230 602
231 603
232 607
233 608
234 614
235 615
236 620
237 628
238 640
239 641
240 643
241 646
242 647
243 648
244 653
245 655
246 658
247 659
248 665
249 672
250 673
251 675
252 676
253 684
254 685
255 688
256 689
257 690
258 692
259 693
260 699
261 701
262 711
263 712
264 713
265 714
266 730
267 741
268 763
269 764
270 767
271 768
272 773
273 780
274 781
275 782
276 783
277 786
278 788
279 789
280 790
281 791
282 793
283 796
284 798
285 799
286 800
287 802
288 803
289 804
290 805
291 806
292 807
293 808
294 809
295 810
296 813
297 817
298 818
299 819
300 822
301 824
302 825
303 826
304 836
305 837
306 838
307 839
308 840
309 841
310 842
311 845
312 853
313 854
314 856
315 857
316 859
317 860
318 862
319 863
320 871
321 872
322 873
323 874
324 875
325 876
326 877
327 879
328 880
329 881
330 882
331 885
332 886
333 887
334 888
335 890
336 891
337 892
338 894
339 895
340 896
341 898
342 900
343 901
344 902
345 904
346 907
347 908
348 909
349 917
350 918
351 919
352 920
353 921
354 922
355 929
356 930
357 931
358 937
359 938
360 943
361 944
362 945
363 946
364 947
365 949
366 950
367 951
368 952
369 953
370 954
371 955
372 956
373 957
374 961
375 964
376 965
377 966
378 968
379 974
380 975
381 976
382 979
383 985
384 986
385 992
386 994
387 1000
388 1001
389 1002
390 1004
391 1005
392 1006
393 1007
394 1009
395 1010
396 1016
397 1017
398 1018
399 1019
400 1021
401 1025
402 1031
403 1039
404 1040
405 1041
406 1042
407 1043
408 1049
409 1050
410 1051
411 1052
412 1054
413 1055
414 1056
415 1057
416 1058
417 1059
418 1061
419 1062
420 1063
421 1064
422 1065
423 1066
424 1067
425 1071
426 1072
427 1075
428 1083
429 1087
430 1088
431 1089
432 1090
433 1091
434 1094
435 1095
436 1099
437 1103
438 1104
439 1105
440 1107
441 1110
442 1111
443 1112
444 1114
445 1123
446 1124
447 1129
448 1130
449 1133
450 1134
451 1135
452 1136
453 1137
454 1138
455 1139
456 1140
457 1143
458 1144
459 1150
460 1151
461 1152
462 1154
463 1155
464 1158
465 1159
466 1163
467 1166
468 1167
469 1168
470 1169
471 1171
472 1174
473 1176
474 1177
475 1178
476 1179
477 1180
478 1183
479 1184
480 1185
481 1186
482 1188
483 1189
484 1190
485 1191
486 1200
487 1205
488 1206
489 1210
490 1211
491 1212
492 1213
493 1214
494 1215
495 1216
496 1217
497 1218
498 1219
499 1220
500 1221
501 1225
502 1226
503 1233
504 1245
505 1250
506 1256
507 1257
508 1268
509 1272
510 1273
511 1279
512 1283
513 1288
514 1292
515 1295
516 1296
517 1299
518 1300
519 1301
520 1302
521 1303
522 1307
523 1308
524 1312
525 1314
526 1317
527 1318
528 1320
529 1321
530 1322
531 1324
532 1326
533 1327
534 1329
535 1330
536 1331
537 1333
538 1334
539 1335
540 1338
541 1339
542 1340
543 1341
544 1343
545 1344
546 1345
547 1346
548 1347
549 1350
550 1351
551 1352
552 1353
553 1354
554 1357
555 1358
556 1359
557 1360
558 1361
559 1371
560 1372
561 1373
562 1375
563 1387
564 1388
565 1389
566 1390
567 1393
568 1394
569 1395
570 1399
571 1402
572 1403
573 1404
574 1405
575 1409
576 1410
577 1411
578 1412
579 1413
580 1416
581 1417
582 1419
583 1423
584 1424
585 1425
586 1426
587 1427
588 1434
589 1435
590 1450
591 1452
592 1453
593 1454
594 1467
595 1475
596 1489
597 1490
598 1492
599 1495
600 1496
601 1498
602 1499
603 1500
604 1505
605 1507
606 1508
607 1510
608 1514
609 1515
610 1518
611 1519
612 1520
613 1522
614 1523
615 1525
616 1532
617 1538
618 1539
619 1540
620 1541
621 1556
622 1557
623 1560
624 1561
625 1569
626 1570
627 1571
628 1575
629 1577
630 1578
631 1580
632 1581
633 1582
634 1591
635 1595
636 1599
637 1601
638 1604
639 1605
640 1606
641 1607
642 1608
643 1613
644 1618
645 1620
646 1627
647 1635
648 1636
649 1637
650 1642
651 1643
652 1647
653 1648
654 1650
655 1654
656 1656
657 1657
658 1658
659 1659
660 1660
661 1663
662 1664
663 1665
664 1668
665 1670
666 1672
667 1673
668 1674
669 1675
670 1676
671 1685
672 1686
673 1687
674 1688
675 1693
676 1694
677 1695
678 1696
679 1697
680 1698
681 1709
682 1712
683 1714
684 1716
685 1718
686 1720
687 1723
688 1727
689 1731
690 1744
691 1745
692 1752
693 1754
694 1759
695 1762
696 1767
697 1768
698 1769
699 1771
700 1775
701 1781
702 1783
703 1784
704 1785
705 1791
706 1793
707 1798
708 1801
709 1802
710 1803
711 1804
712 1811
713 1818
714 1820
715 1823
716 1824
717 1828
718 1829
719 1833
720 1834
721 1835
722 1836
723 1837
724 1838
725 1842
726 1843
727 1851
728 1852
729 1853
730 1854
731 1858
732 1861
733 1862
734 1864
735 1873
736 1876
737 1881
738 1885
739 1892
740 1893
741 1894
742 1895
743 1897
744 1899
745 1900
746 1902
747 1907
748 1915
749 1916
750 1919
751 1920
752 1921
753 1922
754 1923
755 1924
756 1925
757 1926
758 1927
759 1929
760 1930
761 1932
762 1934
763 1935
764 1936
765 1937
766 1938
767 1939
768 1942
769 1943
770 1945
771 1946
772 1947
773 1949
774 1953
775 1954
776 1955
777 1959
778 1960
779 1961
780 1962
781 1966
782 1967
783 1968
784 1969
785 1970
786 1973
787 1974
788 1975
789 1976
790 1977
791 1978
792 1979
793 1991
794 1994
795 1995
796 1996
797 1997
798 1998
799 1999
800 2000
801 2001
802 2002
803 2003
804 2004
805 2005
806 2006
807 2007
808 2008
809 2009
810 2010
811 2012
812 2013
813 2014
814 2015
815 2018
816 2020
817 2021
818 2025
819 2026
820 2027
821 2028
822 2029
823 2030
824 2031
825 2033
826 2034
827 2035
828 2036
829 2037
830 2038
831 2039
832 2040
833 2041
834 2042
835 2043
836 2044
837 2046
838 2050
839 2057
840 2058
841 2059
842 2060
843 2061
844 2062
845 2063
846 2064
847 2065
848 2066
849 2067
850 2068
851 2069
852 2070
853 2072
854 2073
855 2074
856 2075
857 2076
858 2078
859 2079
860 2080
861 2081
862 2082
863 2083
864 2085
865 2087
866 2094
867 2097
868 2098
869 2099
870 2100
871 2101
872 2102
873 2103
874 2104
875 2108
876 2109
877 2110
878 2111
879 2113
880 2120
881 2121
882 2122
883 2123
884 2125
885 2126
886 2127
887 2136
888 2140
889 2141
890 2144
891 2145
892 2146
893 2148
894 2149
895 2150
896 2151
897 2152
898 2153
899 2155
900 2156
901 2157
902 2161
903 2164
904 2167
905 2169
906 2170
907 2172
908 2177
909 2180
910 2181
911 2184
912 2185
913 2186
914 2187
915 2206
916 2207
917 2210
918 2215
919 2216
920 2218
921 2219
922 2220
923 2221
924 2222
925 2223
926 2224
927 2225
928 2226
929 2227
930 2228
931 2229
932 2232
933 2233
934 2234
935 2235
936 2236
937 2237
938 2238
939 2239
940 2240
941 2243
942 2246
943 2247
944 2248
945 2254
946 2255
947 2256
948 2257
949 2258
950 2259
951 2260
952 2261
953 2262
954 2263
955 2264
956 2265
957 2266
958 2267
959 2268
960 2271
961 2272
962 2273
963 2274
964 2279
965 2292
966 2293
967 2294
968 2296
969 2297
970 2299
971 2302
972 2303
973 2315
974 2316
975 2317
976 2319
977 2321
978 2322
979 2323
980 2324
981 2325
982 2326
983 2328
984 2329
985 2330
986 2331
987 2337
988 2341
989 2342
990 2344
991 2345
992 2350
993 2361
994 2362
995 2364
996 2367
997 2371
998 2372
999 2373
1000 2374
1001 2375
1002 2377
1003 2378
1004 2379
1005 2380
1006 2381
1007 2382
1008 2383
1009 2384
1010 2385
1011 2387
1012 2388
1013 2389
1014 2390
1015 2391
1016 2392
1017 2393
1018 2394
1019 2396
1020 2397
1021 2398
1022 2399
1023 2400
1024 2401
1025 2404
1026 2409
1027 2410
1028 2411
1029 2414
1030 2415
1031 2416
1032 2417
1033 2418
1034 2420
1035 2421
1036 2426
1037 2427
1038 2430
1039 2439
1040 2440
1041 2441
1042 2442
1043 2443
1044 2444
1045 2445
1046 2446
1047 2447
1048 2449
1049 2451
1050 2452
1051 2453
1052 2457
1053 2467
1054 2468
1055 2471
1056 2473
1057 2478
1058 2481
1059 2498
1060 2502
1061 2504
1062 2508
1063 2509
1064 2510
1065 2511
1066 2512
1067 2513
1068 2514
1069 2515
1070 2517
1071 2518
1072 2519
1073 2520
1074 2521
1075 2522
1076 2526
1077 2527
1078 2528
1079 2529
1080 2531
1081 2534
1082 2536
1083 2542
1084 2549
1085 2551
1086 2552
1087 2553
1088 2555
1089 2556
1090 2557
1091 2558
1092 2562
1093 2570
1094 2574
1095 2575
1096 2576
1097 2577
1098 2579
1099 2580
1100 2582
1101 2583
1102 2584
1103 2585
1104 2586
1105 2587
1106 2589
1107 2595
1108 2596
1109 2598
1110 2599
1111 2602
1112 2605
1113 2607
1114 2609
1115 2610
1116 2611
1117 2612
1118 2613
1119 2614
1120 2615
1121 2616
1122 2617
1123 2618
1124 2619
1125 2621
1126 2622
1127 2624
1128 2625
1129 2627
1130 2628
1131 2639
1132 2640
1133 2641
1134 2642
1135 2643
1136 2646
1137 2648
1138 2649
1139 2651
1140 2652
1141 2653
1142 2655
1143 2658
1144 2659
1145 2660
1146 2662
1147 2663
1148 2664
1149 2665
1150 2666
1151 2667
1152 2668
1153 2672
1154 2673
1155 2675
1156 2681
1157 2682
1158 2683
1159 2684
1160 2685
1161 2686
1162 2687
1163 2688
1164 2689
1165 2696
1166 2697
1167 2698
1168 2700
1169 2706
1170 2707
1171 2708
1172 2714
1173 2722
1174 2729
1175 2734
1176 2735
1177 2736
1178 2737
1179 2738
1180 2739
1181 2740
1182 2741
1183 2748
1184 2749
1185 2750
1186 2756
1187 2759
1188 2763
1189 2764
1190 2766
1191 2767
1192 2768
1193 2769
1194 2770
1195 2771
1196 2772
1197 2773
1198 2775
1199 2776
1200 2780
1201 2786
1202 2787
1203 2788
1204 2793
1205 2794
1206 2796
1207 2797
1208 2804
1209 2806
1210 2808
1211 2810
1212 2814
1213 2815
1214 2819
1215 2821
1216 2822
1217 2824
1218 2826
1219 2828
1220 2829
1221 2830
1222 2832
1223 2833
1224 2838
1225 2839
1226 2840
1227 2843
1228 2844
1229 2845
1230 2846
1231 2847
1232 2850
1233 2851
1234 2854
1235 2855
1236 2856
1237 2858
1238 2863
1239 2864
1240 2865
1241 2866
1242 2867
1243 2868
1244 2872
1245 2874
1246 2875
1247 2877
1248 2878
1249 2880
1250 2881
1251 2883
1252 2884
1253 2885
1254 2886
1255 2890
1256 2892
1257 2893
1258 2896
1259 2897
1260 2902
1261 2903
1262 2906
1263 2909
1264 2910
1265 2914
1266 2932
1267 2937
1268 2938
1269 2939
1270 2940
1271 2941
1272 2947
1273 2948
1274 2949
1275 2950
1276 2951
1277 2952
1278 2961
1279 2962
1280 2966
1281 2974
1282 2975
1283 2976
1284 2978
1285 2981
1286 2993
1287 2997
1288 3002
1289 3004
1290 3005
1291 3006
1292 3008
1293 3009
1294 3011
1295 3012
1296 3013
1297 3014
1298 3015
1299 3016
1300 3017
1301 3018
1302 3019
1303 3022
1304 3023
1305 3024
1306 3031
1307 3034
1308 3036
1309 3037
1310 3038
1311 3039
1312 3048
1313 3049
1314 3050
1315 3052
1316 3053
1317 3056
1318 3057
1319 3058
1320 3059
1321 3060
1322 3063
1323 3066
1324 3068
1325 3069
1326 3071
1327 3075
1328 3076
1329 3077
1330 3082
1331 3085
1332 3086
1333 3095
1334 3104
1335 3105
1336 3121
1337 3124
1338 3127
1339 3128
1340 3129
1341 3132
1342 3133
1343 3134
1344 3143
1345 3147
1346 3151
1347 3154
1348 3158
1349 3164
1350 3165
1351 3185
1352 3186
1353 3193
1354 3199
1355 3202
1356 3203
1357 3204
1358 3205
1359 3206
1360 3210
1361 3217
1362 3218
1363 3219
1364 3222
1365 3223
1366 3224
1367 3226
1368 3229
1369 3230
1370 3231
1371 3232
1372 3233
1373 3234
1374 3235
1375 3236
1376 3237
1377 3241
1378 3242
1379 3243
1380 3245
1381 3246
1382 3248
1383 3249
1384 3250
1385 3251
1386 3252
1387 3253
1388 3255
1389 3256
1390 3257
1391 3258
1392 3259
1393 3260
1394 3261
1395 3262
1396 3263
1397 3264
1398 3265
1399 3266
1400 3267
1401 3268
1402 3270
1403 3271
1404 3272
1405 3273
1406 3274
1407 3275
1408 3276
1409 3277
1410 3278
1411 3279
1412 3281
1413 3282
1414 3283
1415 3284
1416 3285
1417 3286
1418 3288
1419 3290
1420 3291
1421 3292
1422 3293
1423 3294
1424 3295
1425 3296
1426 3299
1427 3300
1428 3301
1429 3302
1430 3303
1431 3304
1432 3307
1433 3308
1434 3309
1435 3311
1436 3313
1437 3314
1438 3321
1439 3322
1440 3323
1441 3324
1442 3325
1443 3326
1444 3327
1445 3328
1446 3329
1447 3330
1448 3331
1449 3332
1450 3333
1451 3334
1452 3335
1453 3336
1454 3337
1455 3338
1456 3347
1457 3348
1458 3349
1459 3354
1460 3358
1461 3359
1462 3361
1463 3362
1464 3363
1465 3364
1466 3365
1467 3368
1468 3369
1469 3370
1470 3371
1471 3372
1472 3373
1473 3375
1474 3378
1475 3379
1476 3381
1477 3393
1478 3396
1479 3397
1480 3398
1481 3399
1482 3400
1483 3401
1484 3402
1485 3403
1486 3404
1487 3405
1488 3406
1489 3407
1490 3408
1491 3409
1492 3410
1493 3411
1494 3412
1495 3413
1496 3414
1497 3415
1498 3419
1499 3421
1500 3426
1501 3427
1502 3428
1503 3429
1504 3430
1505 3431
1506 3432
1507 3433
1508 3441
1509 3442
1510 3443
1511 3444
1512 3445
1513 3446
1514 3447
1515 3455
1516 3456
1517 3457
1518 3458
1519 3459
1520 3468
1521 3469
1522 3471
1523 3472
1524 3473
1525 3475
1526 3476
1527 3477
1528 3484
1529 3485
1530 3486
1531 3487
1532 3488
1533 3489
1534 3490
1535 3491
1536 3492
1537 3493
1538 3494
1539 3495
1540 3498
1541 3499
1542 3500
1543 3501
1544 3502
1545 3503
1546 3504
1547 3505
1548 3506
1549 3507
1550 3518
1551 3521
1552 3522
1553 3523
1554 3524
1555 3525
1556 3526
1557 3529
1558 3533
1559 3534
1560 3536
1561 3538
1562 3540
1563 3541
1564 3542
1565 3543
1566 3544
1567 3545
1568 3568
1569 3574
1570 3579
1571 3580
1572 3581
1573 3582
1574 3583
1575 3584
1576 3585
1577 3586
1578 3594
1579 3595
1580 3596
1581 3597
1582 3598
1583 3599
1584 3600
1585 3647
1586 3649
1587 3651
1588 3653
1589 3654
1590 3655
1591 3656
1592 3657
1593 3658
1594 3661
1595 3662
1596 3663
1597 3668
1598 3674
1599 3677
1600 3679
1601 3680
1602 3681
1603 3684
1604 3685
1605 3691
1606 3695
1607 3697
1608 3698
1609 3699
1610 3700
1611 3701
1612 3703
1613 3704
1614 3705
1615 3707
1616 3708
1617 3709
1618 3731
1619 3736
1620 3739
1621 3741
1622 3744
1623 3747
1624 3750
1625 3752
1626 3754
1627 3756
1628 3759
1629 3760
1630 3762
1631 3768
1632 3769
1633 3772
1634 3775
1635 3776
1636 3778
1637 3780
1638 3784
1639 3789
1640 3791
1641 3792
1642 3793
1643 3794
1644 3795
1645 3796
1646 3802
1647 3803
1648 3806
1649 3814
1650 3816
1651 3823
1652 3827
1653 3828
1654 3829
1655 3833
1656 3835
1657 3837
1658 3838
1659 3839
1660 3840
1661 3843
1662 3845
1663 3846
1664 3847
1665 3848
1666 3849
1667 3850
1668 3852
1669 3853
1670 3854
1671 3858
1672 3859
1673 3860
1674 3862
1675 3863
1676 3864
1677 3865
1678 3871
1679 3889
1680 3890
1681 3892
1682 3896
1683 3898
1684 3903
1685 3904
1686 3908
1687 3909
1688 3911
1689 3912
1690 3913
1691 3916
1692 3919
1693 3921
1694 3922
1695 3923
1696 3925
1697 3928
1698 3929
1699 3930
1700 3931
1701 3932
1702 3933
1703 3934
1704 3935
1705 3943
1706 3945
1707 3946
1708 3947
1709 3950
1710 3951
1711 3952
1712 3959
1713 3961
1714 3962
1715 3975
1716 3976
1717 3977
1718 3981
1719 3984
1720 3987
1721 3990
1722 4008
1723 4009
1724 4017
1725 4018
1726 4022
1727 4023
1728 4025
1729 4026
1730 4027
1731 4034
1732 4035
1733 4036
1734 4039
1735 4040
1736 4041
1737 4042
1738 4043
1739 4044
1740 4045
1741 4046
1742 4048
1743 4050
1744 4051
1745 4052
1746 4053
1747 4054
1748 4055
1749 4057
1750 4058
1751 4059
1752 4060
1753 4061
1754 4062
1755 4064
1756 4065
1757 4066
1758 4067
1759 4068
1760 4069
1761 4072
1762 4073
1763 4078
1764 4079
1765 4080
1766 4081
1767 4082
1768 4084
1769 4085
1770 4086
1771 4087
1772 4088
1773 4089
1774 4090
1775 4091
1776 4093
1777 4094
1778 4098
1779 4099
1780 4100
1781 4101
1782 4102
1783 4104
1784 4105
1785 4106
1786 4107
1787 4109
1788 4110
1789 4111
1790 4112
1791 4113
1792 4114
1793 4115
1794 4117
1795 4119
1796 4120
1797 4121
1798 4122
1799 4123
1800 4124
1801 4125
1802 4127
1803 4128
1804 4129
1805 4130
1806 4131
1807 4132
1808 4134
1809 4138
1810 4140
1811 4142
1812 4143
1813 4144
1814 4145
1815 4146
1816 4147
1817 4151
1818 4153
1819 4155
1820 4156
1821 4158
1822 4159
1823 4164
1824 4165
1825 4166
1826 4167
1827 4168
1828 4169
1829 4171
1830 4172
1831 4174
1832 4175
1833 4178
1834 4180
1835 4181
1836 4182
1837 4186
1838 4195
1839 4196
1840 4197
1841 4198
1842 4199
1843 4202
1844 4204
1845 4205
1846 4206
1847 4207
1848 4208
1849 4209
1850 4210
1851 4211
1852 4212
1853 4213
1854 4214
1855 4216
1856 4217
1857 4224
1858 4225
1859 4226
1860 4227
1861 4228
1862 4233
1863 4237
1864 4238
1865 4239
1866 4240
1867 4241
1868 4242
1869 4243
1870 4244
1871 4245
1872 4246
1873 4252
1874 4253
1875 4256
1876 4257
1877 4258
1878 4259
1879 4260
1880 4261
1881 4262
1882 4263
1883 4265
1884 4266
1885 4267
1886 4270
1887 4272
1888 4274
1889 4276
1890 4278
1891 4281
1892 4283
1893 4284
1894 4287
1895 4288
1896 4289
1897 4290
1898 4291
1899 4292
1900 4293
1901 4294
1902 4296
1903 4301
1904 4302
1905 4306
1906 4309
1907 4311
1908 4318
1909 4319
1910 4320
1911 4322
1912 4324
1913 4325
1914 4327
1915 4328
1916 4329
1917 4331
1918 4335
1919 4336
1920 4339
1921 4341
1922 4343
1923 4349
1924 4350
1925 4353
1926 4354
1927 4360
1928 4361
1929 4362
1930 4366
1931 4370
1932 4371
1933 4372
1934 4373
1935 4378
1936 4380
1937 4381
1938 4382
1939 4384
1940 4385
1941 4392
1942 4394
1943 4395
1944 4396
1945 4399
1946 4400
1947 4401
1948 4402
1949 4403
1950 4404
1951 4405
1952 4409
1953 4411
1954 4412
1955 4413
1956 4414
1957 4415
1958 4424
1959 4428
1960 4429
1961 4432
1962 4437
1963 4438
1964 4439
1965 4440
1966 4443
1967 4448
1968 4449
1969 4450
1970 4451
1971 4453
1972 4458
1973 4460
1974 4477
1975 4487
1976 4490
1977 4492
1978 4500
1979 4501
1980 4507
1981 4512
1982 4516
1983 4521
1984 4524
1985 4526
1986 4527
1987 4528
1988 4529
1989 4530
1990 4535
1991 4536
1992 4537
1993 4538
1994 4540
1995 4541
1996 4542
1997 4543
1998 4544
1999 4545
2000 4546
2001 4547
2002 4550
2003 4551
2004 4552
2005 4553
2006 4554
2007 4555
2008 4556
2009 4557
2010 4558
2011 4559
2012 4560
2013 4561
2014 4562
2015 4563
2016 4564
2017 4567
2018 4568
2019 4571
2020 4572
2021 4575
2022 4576
2023 4577
2024 4578
2025 4579
2026 4580
2027 4581
2028 4582
2029 4583
2030 4585
2031 4586
2032 4588
2033 4590
2034 4591
2035 4592
2036 4595
2037 4596
2038 4597
2039 4598
2040 4599
2041 4600
2042 4603
2043 4604
2044 4605
2045 4606
2046 4607
2047 4612
2048 4613
2049 4614
2050 4615
2051 4616
2052 4618
2053 4620
2054 4621
2055 4624
2056 4626
2057 4627
2058 4629
2059 4630
2060 4632
2061 4633
2062 4636
2063 4638
2064 4639
2065 4640
2066 4645
2067 4646
2068 4647
2069 4648
2070 4651
2071 4657
2072 4658
2073 4659
2074 4660
2075 4661
2076 4662
2077 4664
2078 4665
2079 4668
2080 4670
2081 4671
2082 4675
2083 4676
2084 4682
2085 4690
2086 4711
2087 4716
2088 4718
2089 4719
2090 4720
2091 4721
2092 4725
2093 4727
2094 4728
2095 4731
2096 4732
2097 4734
2098 4737
2099 4738
2100 4747
2101 4748
2102 4749
2103 4751
2104 4756
2105 4757
2106 4758
2107 4759
2108 4760
2109 4761
2110 4762
2111 4763
2112 4764
2113 4767
2114 4768
2115 4771
2116 4774
2117 4775
2118 4776
2119 4777
2120 4780
2121 4781
2122 4782
2123 4783
2124 4784
2125 4785
2126 4786
2127 4787
2128 4788
2129 4791
2130 4795
2131 4798
2132 4800
2133 4801
2134 4802
2135 4803
2136 4804
2137 4805
2138 4811
2139 4814
2140 4815
2141 4816
2142 4817
2143 4820
2144 4822
2145 4833
2146 4835
2147 4836
2148 4843
2149 4845
2150 4848
2151 4851
2152 4852
2153 4855
2154 4856
2155 4861
2156 4864
2157 4865
2158 4866
2159 4867
2160 4873
2161 4874
2162 4875
2163 4876
2164 4882
2165 4883
2166 4884
2167 4888
2168 4890
2169 4891
2170 4895
2171 4896
2172 4897
2173 4898
2174 4899
2175 4904
2176 4906
2177 4908
2178 4909
2179 4910
2180 4911
2181 4913
2182 4914
2183 4915
2184 4916
2185 4917
2186 4918
2187 4919
2188 4922
2189 4923
2190 4924
2191 4927
2192 4928
2193 4929
2194 4930
2195 4932
2196 4933
2197 4934
2198 4935
2199 4936
2200 4937
2201 4938
2202 4939
2203 4940
2204 4941
2205 4942
2206 4943
2207 4944
2208 4945
2209 4946
2210 4947
2211 4948
2212 4949
2213 4950
2214 4951
2215 4952
2216 4953
2217 4954
2218 4955
2219 4956
2220 4957
2221 4958
2222 4959
2223 4960
2224 4961
2225 4962
2226 4963
2227 4964
2228 4965
2229 4966
2230 4967
2231 4968
2232 4969
2233 4970
2234 4971
2235 4972
2236 4973
2237 4975
2238 4977
2239 4979
2240 4980
2241 4983
2242 4984
2243 4986
2244 4987
2245 4990
2246 4999
2247 5000
2248 5001
2249 5004
2250 5005
2251 5006
2252 5008
2253 5010
2254 5011
2255 5017
2256 5018
2257 5020
2258 5026
2259 5029
2260 5030
2261 5032
2262 5035
2263 5036
2264 5039
2265 5040
2266 5041
2267 5042
2268 5043
2269 5044
2270 5045
2271 5046
2272 5047
2273 5049
2274 5050
2275 5054
2276 5056
2277 5058
2278 5060
2279 5062
2280 5063
2281 5067
2282 5068
2283 5070
2284 5076
2285 5077
2286 5079
2287 5080
2288 5082
2289 5083
2290 5084
2291 5085
2292 5088
2293 5089
2294 5091
2295 5093
2296 5094
2297 5095
2298 5096
2299 5097
2300 5099
2301 5100
2302 5101
2303 5103
2304 5104
2305 5114
2306 5115
2307 5116
2308 5117
2309 5118
2310 5119
2311 5120
2312 5127
2313 5128
2314 5129
2315 5131
2316 5133
2317 5134
2318 5137
2319 5138
2320 5140
2321 5141
2322 5143
2323 5146
2324 5150
2325 5151
2326 5153
2327 5154
2328 5155
2329 5156
2330 5157
2331 5158
2332 5159
2333 5162
2334 5163
2335 5166
2336 5169
2337 5171
2338 5173
2339 5175
2340 5176
2341 5178
2342 5179
2343 5180
2344 5181
2345 5182
2346 5183
2347 5187
2348 5188
2349 5191
2350 5192
2351 5194
2352 5196
2353 5201
2354 5207
2355 5208
2356 5209
2357 5218
2358 5221
2359 5228
2360 5230
2361 5232
2362 5233
2363 5234
2364 5237
2365 5238
2366 5242
2367 5243
2368 5245
2369 5248
2370 5249
2371 5251
2372 5254
2373 5255
2374 5262
2375 5270
2376 5272
2377 5273
2378 5274
2379 5275
2380 5276
2381 5277
2382 5278
2383 5280
2384 5281
2385 5282
2386 5283
2387 5284
2388 5286
2389 5287
2390 5288
2391 5289
2392 5291
2393 5292
2394 5293
2395 5294
2396 5297
2397 5299
2398 5300
2399 5304
2400 5306
2401 5308
2402 5309
2403 5315
2404 5316
2405 5320
2406 5323
2407 5324
2408 5334
2409 5335
2410 5337
2411 5338
2412 5339
2413 5340
2414 5342
2415 5343
2416 5345
2417 5349
2418 5357
2419 5358
2420 5360
2421 5363
2422 5369
2423 5374
2424 5375
2425 5376
2426 5377
2427 5378
2428 5379
2429 5381
2430 5383
2431 5384
2432 5385
2433 5390
2434 5404
2435 5406
2436 5407
2437 5415
2438 5416
2439 5417
2440 5418
2441 5419
2442 5420
2443 5421
2444 5423
2445 5424
2446 5425
2447 5426
2448 5427
2449 5428
2450 5430
2451 5431
2452 5432
2453 5472
2454 5474
2455 5475
2456 5477
2457 5480
2458 5524
2459 5526
2460 5528
2461 5529
2462 5534
2463 5538
2464 5544
2465 5547
2466 5548
2467 5551
2468 5552
2469 5553
2470 5554
2471 5556
2472 5558
2473 5559
2474 5560
2475 5561
2476 5564
2477 5565
2478 5566
2479 5567
2480 5568
2481 5569
2482 5570
2483 5571
2484 5572
2485 5573
2486 5574
2487 5582
2488 5585
2489 5592
2490 5593
2491 5596
2492 5597
2493 5598
2494 5599
2495 5600
2496 5604
2497 5605
2498 5606
2499 5607
2500 5608
2501 5613
2502 5614
2503 5616
2504 5617
2505 5618
2506 5619
2507 5620
2508 5621
2509 5622
2510 5623
2511 5624
2512 5625
2513 5626
2514 5629
2515 5632
2516 5633
2517 5634
2518 5635
2519 5636
2520 5637
2521 5638
2522 5639
2523 5640
2524 5641
2525 5648
2526 5649
2527 5650
2528 5652
2529 5653
2530 5654
2531 5655
2532 5656
2533 5658
2534 5659
2535 5660
2536 5661
2537 5662
2538 5663
2539 5664
2540 5665
2541 5666
2542 5667
2543 5668
2544 5669
2545 5670
2546 5672
2547 5674
2548 5676
2549 5677
2550 5678
2551 5679
2552 5680
2553 5681
2554 5682
2555 5683
2556 5684
2557 5685
2558 5686
2559 5688
2560 5689
2561 5695
2562 5696
2563 5698
2564 5700
2565 5702
2566 5706
2567 5707
2568 5708
2569 5709
2570 5710
2571 5712
2572 5713
2573 5717
2574 5718
2575 5719
2576 5721
2577 5722
2578 5726
2579 5727
2580 5728
2581 5730
2582 5731
2583 5732
2584 5733
2585 5734
2586 5735
2587 5736
2588 5737
2589 5738
2590 5739
2591 5740
2592 5742
2593 5743
2594 5745
2595 5747
2596 5748
2597 5750
2598 5753
2599 5754
2600 5756
2601 5762
2602 5764
2603 5765
2604 5766
2605 5767
2606 5769
2607 5771
2608 5773
2609 5774
2610 5776
2611 5777
2612 5778
2613 5782
2614 5783
2615 5784
2616 5785
2617 5786
2618 5787
2619 5788
2620 5789
2621 5790
2622 5791
2623 5792
2624 5793
2625 5797
2626 5798
2627 5799
2628 5800
2629 5805
2630 5806
2631 5807
2632 5808
2633 5809
2634 5810
2635 5811
2636 5812
2637 5813
2638 5814
2639 5821
2640 5824
2641 5826
2642 5827
2643 5828
2644 5830
2645 5831
2646 5832
2647 5834
2648 5835
2649 5836
2650 5837
2651 5838
2652 5839
2653 5840
2654 5841
2655 5842
2656 5844
2657 5845
2658 5846
2659 5847
2660 5851
2661 5853
2662 5854
2663 5855
2664 5857
2665 5859
2666 5860
2667 5862
2668 5863
2669 5866
2670 5868
2671 5869
2672 5870
2673 5876
2674 5880
2675 5881
2676 5882
2677 5883
2678 5886
2679 5887
2680 5888
2681 5889
2682 5891
2683 5893
2684 5894
2685 5895
2686 5897
2687 5898
2688 5899
2689 5900
2690 5902
2691 5904
2692 5905
2693 5906
2694 5907
2695 5910
2696 5911
2697 5916
2698 5917
2699 5918
2700 5919
2701 5920
2702 5925
2703 5926
2704 5927
2705 5928
2706 5929
2707 5930
2708 5934
2709 5935
2710 5939
2711 5940
2712 5941
2713 5942
2714 5943
2715 5945
2716 5946
2717 5947
2718 5952
2719 5953
2720 5955
2721 5964
2722 5967
2723 5969
2724 5973
2725 5975
2726 5977
2727 5980
2728 5981
2729 5985
2730 5987
2731 5988
2732 5989
2733 5990
2734 5991
2735 5992
2736 5993
2737 5997
2738 5999
2739 6000
2740 6001
2741 6004
2742 6006
2743 6013
2744 6018
2745 6019
2746 6021
2747 6025
2748 6026
2749 6029
2750 6030
2751 6031
2752 6032
2753 6035
2754 6036
2755 6038
2756 6039
2757 6041
2758 6045
2759 6056
2760 6060
2761 6061
2762 6062
2763 6063
2764 6064
2765 6065
2766 6068
2767 6076
2768 6077
2769 6078
2770 6081
2771 6082
2772 6083
2773 6084
2774 6086
2775 6088
2776 6093
2777 6095
2778 6096
2779 6097
2780 6114
2781 6118
2782 6121
2783 6122
2784 6124
2785 6125
2786 6127
2787 6129
2788 6136
2789 6137
2790 6142
2791 6143
2792 6146
2793 6147
2794 6150
2795 6151
2796 6152
2797 6156
2798 6157
2799 6159
2800 6160
2801 6163
2802 6165
2803 6166
2804 6167
2805 6171
2806 6173
2807 6177
2808 6178
2809 6179
2810 6180
2811 6181
2812 6182
2813 6183
2814 6185
2815 6190
2816 6196
2817 6199
2818 6210
2819 6211
2820 6213
2821 6216
2822 6217
2823 6218
2824 6219
2825 6220
2826 6222
2827 6223
2828 6224
2829 6225
2830 6228
2831 6229
2832 6230
2833 6231
2834 6232
2835 6233
2836 6234
2837 6238
2838 6239
2839 6240
2840 6241
2841 6244
2842 6246
2843 6255
2844 6258
2845 6259
2846 6260
2847 6261
2848 6262
2849 6263
2850 6266
2851 6268
2852 6269
2853 6271
2854 6272
2855 6273
2856 6275
2857 6278
2858 6280
2859 6282
2860 6285
2861 6287
2862 6289
2863 6290
2864 6291
2865 6293
2866 6305
2867 6306
2868 6309
2869 6319
2870 6320
2871 6322
2872 6326
2873 6328
2874 6329
2875 6330
2876 6331
2877 6332
2878 6334
2879 6337
2880 6338
2881 6339
2882 6340
2883 6341
2884 6342
2885 6343
2886 6344
2887 6345
2888 6346
2889 6347
2890 6348
2891 6357
2892 6359
2893 6360
2894 6361
2895 6362
2896 6363
2897 6364
2898 6365
2899 6381
2900 6383
2901 6386
2902 6387
2903 6390
2904 6391
2905 6392
2906 6393
2907 6394
2908 6398
2909 6399
2910 6406
2911 6407
2912 6411
2913 6414
2914 6415
2915 6416
2916 6418
2917 6420
2918 6424
2919 6473
2920 6474
2921 6475
2922 6476
2923 6477
2924 6478
2925 6480
2926 6481
2927 6482
2928 6483
2929 6485
2930 6486
2931 6489
2932 6490
2933 6491
2934 6493
2935 6495
2936 6499
2937 6500
2938 6501
2939 6502
2940 6503
2941 6504
2942 6508
2943 6509
2944 6511
2945 6512
2946 6516
2947 6517
2948 6518
2949 6519
2950 6520
2951 6522
2952 6525
2953 6530
2954 6531
2955 6532
2956 6534
2957 6535
2958 6537
2959 6538
2960 6539
2961 6542
2962 6543
2963 6544
2964 6545
2965 6553
2966 6554
2967 6555
2968 6556
2969 6558
2970 6559
2971 6561
2972 6562
2973 6563
2974 6564
2975 6568
2976 6570
2977 6572
2978 6573
2979 6578
2980 6579
2981 6580
2982 6581
2983 6585
2984 6586
2985 6587
2986 6588
2987 6589
2988 6590
2989 6591
2990 6593
2991 6594
2992 6600
2993 6601
2994 6602
2995 6603
2996 6604
2997 6606
2998 6608
2999 6609
3000 6611
3001 6613
3002 6615
3003 6619
3004 6621
3005 6626
3006 6627
3007 6628
3008 6630
3009 6631
3010 6632
3011 6633
3012 6634
3013 6637
3014 6638
3015 6639
3016 6644
3017 6645
3018 6647
3019 6648
3020 6651
3021 6655
3022 6656
3023 6657
3024 6658
3025 6659
3026 6661
3027 6663
3028 6664
3029 6665
3030 6667
3031 6668
3032 6669
3033 6676
3034 6679
3035 6680
3036 6681
3037 6684
3038 6685
3039 6686
3040 6687
3041 6688
3042 6689
3043 6690
3044 6691
3045 6692
3046 6693
3047 6694
3048 6695
3049 6699
3050 6700
3051 6702
3052 6703
3053 6704
3054 6705
3055 6706
3056 6707
3057 6708
3058 6709
3059 6710
3060 6711
3061 6712
3062 6713
3063 6714
3064 6715
3065 6716
3066 6717
3067 6718
3068 6719
3069 6721
3070 6722
3071 6724
3072 6725
3073 6726
3074 6728
3075 6732
3076 6733
3077 6741
3078 6742
3079 6743
3080 6748
3081 6750
3082 6751
3083 6753
3084 6754
3085 6755
3086 6759
3087 6762
3088 6764
3089 6765
3090 6766
3091 6767
3092 6768
3093 6769
3094 6770
3095 6774
3096 6775
3097 6777
3098 6778
3099 6779
3100 6780
3101 6790
3102 6795
3103 6803
3104 6804
3105 6807
3106 6808
3107 6809
3108 6810
3109 6811
3110 6812
3111 6813
3112 6818
3113 6819
3114 6820
3115 6821
3116 6822
3117 6824
3118 6825
3119 6826
3120 6827
3121 6830
3122 6836
3123 6837
3124 6838
3125 6841
3126 6842
3127 6844
3128 6845
3129 6850
3130 6851
3131 6852
3132 6853
3133 6854
3134 6855
3135 6857
3136 6858
3137 6859
3138 6860
3139 6861
3140 6862
3141 6864
3142 6866
3143 6867
3144 6868
3145 6869
3146 6870
3147 6871
3148 6872
3149 6874
3150 6875
3151 6876
3152 6877
3153 6880
3154 6881
3155 6882
3156 6885
3157 6887
3158 6895
3159 6896
3160 6903
3161 6904
3162 6905
3163 6906
3164 6907
3165 6908
3166 6909
3167 6911
3168 6912
3169 6913
3170 6916
3171 6917
3172 6921
3173 6922
3174 6923
3175 6925
3176 6939
3177 6941
3178 6943
3179 6944
3180 6948
3181 6953
3182 6954
3183 6955
3184 6956
3185 6957
3186 6958
3187 6959
3188 6960
3189 6961
3190 6962
3191 6963
3192 6964
3193 6965
3194 6966
3195 6967
3196 6968
3197 6969
3198 6970
3199 6971
3200 6973
3201 6974
3202 6975
3203 6982
3204 6983
3205 6984
3206 6985
3207 6989
3208 6990
3209 6991
3210 6992
3211 6993
3212 6994
3213 6995
3214 6996
3215 6997
3216 6998
3217 6999
3218 7000
3219 7001
3220 7006
3221 7007
3222 7008
3223 7009
3224 7010
3225 7011
3226 7013
3227 7020
3228 7021
3229 7022
3230 7025
3231 7026
3232 7027
3233 7028
3234 7029
3235 7032
3236 7039
3237 7041
3238 7042
3239 7043
3240 7044
3241 7045
3242 7046
3243 7047
3244 7048
3245 7049
3246 7050
3247 7051
3248 7052
3249 7053
3250 7054
3251 7056
3252 7057
3253 7060
3254 7061
3255 7062
3256 7063
3257 7064
3258 7065
3259 7066
3260 7067
3261 7068
3262 7071
3263 7073
3264 7074
3265 7075
3266 7076
3267 7077
3268 7081
3269 7083
3270 7085
3271 7086
3272 7087
3273 7088
3274 7089
3275 7090
3276 7091
3277 7092
3278 7093
3279 7094
3280 7096
3281 7097
3282 7098
3283 7099
3284 7102
3285 7103
3286 7104
3287 7105
3288 7106
3289 7107
3290 7109
3291 7119
3292 7120
3293 7121
3294 7123
3295 7125
3296 7126
3297 7127
3298 7128
3299 7129
3300 7130
3301 7131
3302 7132
3303 7134
3304 7135
3305 7136
3306 7137
3307 7138
3308 7140
3309 7141
3310 7142
3311 7144
3312 7145
3313 7146
3314 7147
3315 7148
3316 7149
3317 7150
3318 7151
3319 7152
3320 7154
3321 7155
