1 3
2 4
3 5
4 7
5 11
6 12
7 13
8 16
9 19
10 23
11 24
12 25
13 26
14 27
15 28
16 29
17 30
18 31
19 34
20 35
21 37
22 39
23 40
24 41
25 87
26 88
27 89
28 92
29 93
30 94
31 95
32 97
33 99
34 102
35 105
36 108
37 109
38 110
39 111
40 112
41 113
42 114
43 115
44 116
45 117
46 118
47 131
48 139
49 140
50 144
51 145
52 146
53 147
54 149
55 150
56 158
57 159
58 160
59 162
60 163
61 166
62 167
63 170
64 171
65 172
66 173
67 174
68 175
69 176
70 177
71 178
72 179
73 180
74 181
75 183
76 184
77 185
78 186
79 188
80 190
81 191
82 192
83 193
84 194
85 195
86 196
87 197
88 199
89 205
90 206
91 208
92 209
93 210
94 211
95 212
96 213
97 214
98 215
99 217
100 225
101 226
102 227
103 232
104 235
105 236
106 238
107 239
108 240
109 241
110 242
111 243
112 245
113 246
114 247
115 249
116 250
117 256
118 258
119 259
120 260
121 261
122 262
123 264
124 266
125 268
126 269
127 270
128 273
129 274
130 275
131 276
132 277
133 278
134 404
135 405
136 407
137 409
138 410
139 412
140 413
141 414
142 415
143 417
144 418
145 423
146 424
147 425
148 426
149 427
150 429
151 441
152 442
153 443
154 444
155 448
156 449
157 450
158 452
159 454
160 455
161 456
162 457
163 458
164 461
165 462
166 464
167 465
168 466
169 467
170 468
171 469
172 470
173 471
174 472
175 473
176 474
177 475
178 476
179 477
180 478
181 479
182 480
183 482
184 483
185 484
186 485
187 486
188 488
189 489
190 490
191 491
192 493
193 494
194 495
195 496
196 497
197 498
198 501
199 504
200 506
201 508
202 509
203 510
204 511
205 512
206 513
207 514
208 515
209 517
210 518
211 519
212 520
213 521
214 522
215 523
216 524
217 535
218 536
219 537
220 538
221 539
222 540
223 542
224 546
225 547
226 549
227 550
228 552
229 553
230 554
231 555
232 561
233 562
234 566
235 567
236 568
237 577
238 583
239 584
240 588
241 590
242 591
243 592
244 593
245 594
246 595
247 596
248 597
249 598
250 616
251 622
252 623
253 624
254 627
255 630
256 631
257 635
258 642
259 643
260 644
261 645
262 646
263 648
264 651
265 652
266 653
267 654
268 665
269 666
270 667
271 670
272 672
273 674
274 676
275 678
276 688
277 761
278 763
279 764
280 767
281 768
282 770
283 771
284 772
285 775
286 776
287 777
288 778
289 779
290 781
291 782
292 784
293 786
294 788
295 791
296 792
297 793
298 794
299 795
300 796
301 797
302 799
303 800
304 801
305 803
306 805
307 806
308 807
309 808
310 809
311 811
312 812
313 815
314 817
315 818
316 819
317 820
318 821
319 822
320 823
321 826
322 827
323 828
324 829
325 830
326 831
327 832
328 833
329 834
330 835
331 836
332 837
333 838
334 839
335 840
336 841
337 842
338 848
339 851
340 852
341 853
342 855
343 856
344 878
345 879
346 880
347 881
348 882
349 883
350 884
351 885
352 886
353 889
354 890
355 893
356 894
357 895
358 896
359 897
360 901
361 903
362 913
363 914
364 915
365 916
366 917
367 918
368 919
369 920
370 921
371 922
372 926
373 928
374 929
375 930
376 931
377 937
378 938
379 939
380 940
381 943
382 946
383 948
384 949
385 950
386 953
387 958
388 962
389 971
390 972
391 973
392 974
393 975
394 983
395 984
396 985
397 986
398 987
399 988
400 989
401 990
402 991
403 992
404 993
405 994
406 995
407 996
408 997
409 998
410 1000
411 1002
412 1003
413 1004
414 1005
415 1006
416 1008
417 1009
418 1013
419 1014
420 1016
421 1017
422 1028
423 1029
424 1030
425 1033
426 1034
427 1041
428 1043
429 1044
430 1045
431 1048
432 1049
433 1055
434 1057
435 1061
436 1063
437 1068
438 1078
439 1079
440 1084
441 1096
442 1098
443 1099
444 1106
445 1110
446 1119
447 1122
448 1124
449 1141
450 1151
451 1153
452 1160
453 1161
454 1162
455 1165
456 1170
457 1173
458 1176
459 1177
460 1178
461 1179
462 1224
463 1257
464 1258
465 1262
466 1265
467 1266
468 1267
469 1268
470 1269
471 1270
472 1271
473 1272
474 1274
475 1275
476 1276
477 1277
478 1278
479 1280
480 1281
481 1282
482 1283
483 1284
484 1291
485 1292
486 1293
487 1294
488 1295
489 1296
490 1297
491 1299
492 1300
493 1303
494 1305
495 1306
496 1307
497 1347
498 1348
499 1349
500 1351
501 1353
502 1354
503 1355
504 1356
505 1362
506 1378
507 1379
508 1380
509 1381
510 1382
511 1383
512 1384
513 1385
514 1386
515 1387
516 1388
517 1389
518 1390
519 1391
520 1392
521 1393
522 1394
523 1396
524 1399
525 1408
526 1409
527 1411
528 1412
529 1413
530 1414
531 1416
532 1417
533 1418
534 1419
535 1420
536 1421
537 1422
538 1423
539 1424
540 1425
541 1426
542 1427
543 1428
544 1429
545 1437
546 1439
547 1440
548 1441
549 1442
550 1443
551 1444
552 1446
553 1447
554 1448
555 1449
556 1450
557 1451
558 1452
559 1453
560 1454
561 1455
562 1457
563 1458
564 1459
565 1460
566 1461
567 1462
568 1463
569 1464
570 1465
571 1466
572 1467
573 1468
574 1469
575 1470
576 1489
577 1490
578 1491
579 1492
580 1493
581 1495
582 1496
583 1497
584 1501
585 1507
586 1508
587 1509
588 1510
589 1511
590 1512
591 1513
592 1514
593 1515
594 1516
595 1517
596 1518
597 1519
598 1521
599 1525
600 1526
601 1527
602 1530
603 1532
604 1534
605 1535
606 1536
607 1537
608 1539
609 1540
610 1543
611 1544
612 1545
613 1546
614 1547
615 1548
616 1549
617 1550
618 1551
619 1552
620 1553
621 1575
622 1576
623 1577
624 1578
625 1579
626 1581
627 1584
628 1585
629 1586
630 1587
631 1588
632 1590
633 1591
634 1592
635 1593
636 1594
637 1595
638 1596
639 1597
640 1598
641 1599
642 1601
643 1606
644 1607
645 1609
646 1611
647 1612
648 1613
649 1614
650 1615
651 1616
652 1617
653 1618
654 1619
655 1620
656 1621
657 1622
658 1623
659 1624
660 1625
661 1626
662 1629
663 1635
664 1636
665 1637
666 1638
667 1639
668 1640
669 1642
670 1643
671 1645
672 1652
673 1653
674 1655
675 1656
676 1657
677 1658
678 1659
679 1660
680 1663
681 1664
682 1665
683 1667
684 1668
685 1669
686 1672
687 1674
688 1676
689 1677
690 1678
691 1679
692 1680
693 1683
694 1685
695 1686
696 1687
697 1688
698 1690
699 1699
700 1700
701 1701
702 1703
703 1705
704 1706
705 1707
706 1746
707 1749
708 1750
709 1751
710 1752
711 1753
712 1755
713 1756
714 1757
715 1758
716 1761
717 1762
718 1763
719 1764
720 1768
721 1772
722 1773
723 1774
724 1775
725 1776
726 1777
727 1778
728 1779
729 1781
730 1782
731 1785
732 1786
733 1790
734 1791
735 1822
736 1823
737 1825
738 1826
739 1827
740 1835
741 1846
742 1848
743 1851
744 1854
745 1855
746 1856
747 1857
748 1858
749 1862
750 1864
751 1870
752 1873
753 1876
754 1877
755 1878
756 1879
757 1880
758 1889
759 1891
760 1892
761 1893
762 1894
763 1895
764 1896
765 1897
766 1899
767 1901
768 1902
769 1906
770 1907
771 1908
772 1910
773 1914
774 1915
775 1940
776 1942
777 1944
778 1945
779 1946
780 1947
781 1948
782 1949
783 1951
784 1952
785 1953
786 1954
787 1955
788 1957
789 1958
790 1960
791 1961
792 1962
793 1963
794 1964
795 1965
796 1966
797 1967
798 1968
799 1969
800 1970
801 1971
802 1972
803 1973
804 1974
805 1975
806 1976
807 1977
808 1978
809 1979
810 1980
811 1981
812 1982
813 1983
814 1984
815 1985
816 1986
817 1987
818 1988
819 1989
820 1990
821 1991
822 1992
823 1993
824 1994
825 1995
826 2000
827 2001
828 2002
829 2003
830 2008
831 2009
832 2010
833 2011
834 2012
835 2014
836 2015
837 2016
838 2019
839 2020
840 2021
841 2022
842 2023
843 2024
844 2025
845 2026
846 2030
847 2031
848 2032
849 2033
850 2073
851 2074
852 2075
853 2076
854 2077
855 2078
856 2079
857 2080
858 2084
859 2088
860 2092
861 2093
862 2094
863 2097
864 2107
865 2108
866 2109
867 2110
868 2111
869 2112
870 2113
871 2117
872 2118
873 2119
874 2120
875 2121
876 2122
877 2123
878 2124
879 2125
880 2129
881 2130
882 2132
883 2133
884 2134
885 2136
886 2137
887 2138
888 2140
889 2141
890 2142
891 2145
892 2146
893 2147
894 2148
895 2149
896 2151
897 2152
898 2153
899 2154
900 2155
901 2156
902 2157
903 2158
904 2159
905 2160
906 2161
907 2162
908 2163
909 2164
910 2165
911 2166
912 2167
913 2168
914 2169
915 2170
916 2171
917 2172
918 2173
919 2174
920 2175
921 2176
922 2177
923 2178
924 2179
925 2180
926 2181
927 2182
928 2183
929 2184
930 2185
931 2186
932 2187
933 2188
934 2189
935 2191
936 2194
937 2195
938 2196
939 2197
940 2198
941 2199
942 2200
943 2201
944 2202
945 2203
946 2204
947 2205
948 2206
949 2207
950 2208
951 2209
952 2210
953 2212
954 2215
955 2216
956 2218
957 2220
958 2221
959 2222
960 2223
961 2224
962 2227
963 2228
964 2229
965 2230
966 2231
967 2232
968 2233
969 2234
970 2235
971 2236
972 2243
973 2244
974 2250
975 2253
976 2254
977 2255
978 2256
979 2257
980 2258
981 2259
982 2260
983 2262
984 2265
985 2266
986 2267
987 2268
988 2269
989 2273
990 2278
991 2279
992 2280
993 2281
994 2282
995 2283
996 2284
997 2285
998 2289
999 2290
1000 2292
1001 2293
1002 2296
1003 2297
1004 2301
1005 2310
1006 2318
1007 2320
1008 2321
1009 2323
1010 2325
1011 2326
1012 2327
1013 2333
1014 2334
1015 2335
1016 2346
1017 2347
1018 2348
1019 2349
1020 2350
1021 2352
1022 2353
1023 2356
1024 2361
1025 2363
1026 2367
1027 2368
1028 2370
1029 2371
1030 2372
1031 2376
1032 2377
1033 2378
1034 2379
1035 2380
1036 2381
1037 2385
1038 2386
1039 2387
1040 2388
1041 2389
1042 2390
1043 2391
1044 2392
1045 2393
1046 2395
1047 2396
1048 2397
1049 2398
1050 2399
1051 2400
1052 2401
1053 2402
1054 2403
1055 2421
1056 2422
1057 2423
1058 2424
1059 2425
1060 2426
1061 2427
1062 2428
1063 2432
1064 2434
1065 2446
1066 2447
1067 2448
1068 2449
1069 2450
1070 2451
1071 2452
1072 2453
1073 2454
1074 2455
1075 2456
1076 2457
1077 2458
1078 2459
1079 2460
1080 2461
1081 2462
1082 2463
1083 2464
1084 2465
1085 2466
1086 2467
1087 2468
1088 2469
1089 2470
1090 2471
1091 2472
1092 2473
1093 2474
1094 2475
1095 2476
1096 2477
1097 2478
1098 2479
1099 2480
1100 2481
1101 2482
1102 2483
1103 2484
1104 2485
1105 2486
1106 2487
1107 2488
1108 2489
1109 2490
1110 2491
1111 2492
1112 2493
1113 2494
1114 2495
1115 2496
1116 2497
1117 2498
1118 2499
1119 2500
1120 2501
1121 2502
1122 2503
1123 2504
1124 2505
1125 2506
1126 2507
1127 2508
1128 2511
1129 2512
1130 2513
1131 2514
1132 2515
1133 2516
1134 2517
1135 2518
1136 2519
1137 2525
1138 2526
1139 2527
1140 2528
1141 2529
1142 2531
1143 2533
1144 2538
1145 2539
1146 2540
1147 2541
1148 2542
1149 2543
1150 2544
1151 2545
1152 2546
1153 2547
1154 2548
1155 2549
1156 2550
1157 2551
1158 2552
1159 2553
1160 2554
1161 2555
1162 2556
1163 2557
1164 2558
1165 2559
1166 2560
1167 2561
1168 2563
1169 2564
1170 2565
1171 2566
1172 2568
1173 2569
1174 2570
1175 2571
1176 2572
1177 2573
1178 2574
1179 2575
1180 2576
1181 2577
1182 2578
1183 2579
1184 2580
1185 2581
1186 2582
1187 2583
1188 2584
1189 2586
1190 2587
1191 2588
1192 2589
1193 2590
1194 2591
1195 2592
1196 2593
1197 2594
1198 2595
1199 2596
1200 2597
1201 2598
1202 2599
1203 2600
1204 2601
1205 2602
1206 2603
1207 2604
1208 2605
1209 2606
1210 2607
1211 2608
1212 2609
1213 2610
1214 2611
1215 2612
1216 2613
1217 2614
1218 2615
1219 2616
1220 2617
1221 2618
1222 2620
1223 2621
1224 2622
1225 2623
1226 2624
1227 2625
1228 2626
1229 2627
1230 2628
1231 2629
1232 2630
1233 2631
1234 2632
1235 2633
1236 2634
1237 2635
1238 2636
1239 2637
1240 2638
1241 2640
1242 2641
1243 2642
1244 2643
1245 2644
1246 2646
1247 2647
1248 2648
1249 2649
1250 2650
1251 2651
1252 2652
1253 2653
1254 2654
1255 2655
1256 2656
1257 2657
1258 2658
1259 2659
1260 2660
1261 2661
1262 2662
1263 2663
1264 2664
1265 2665
1266 2666
1267 2667
1268 2668
1269 2669
1270 2670
1271 2671
1272 2672
1273 2673
1274 2674
1275 2675
1276 2676
1277 2677
1278 2678
1279 2679
1280 2680
1281 2681
1282 2682
1283 2683
1284 2684
1285 2685
1286 2686
1287 2687
1288 2688
1289 2692
1290 2695
1291 2696
1292 2697
1293 2698
1294 2699
1295 2700
1296 2701
1297 2702
1298 2703
1299 2704
1300 2705
1301 2706
1302 2707
1303 2708
1304 2709
1305 2710
1306 2711
1307 2712
1308 2713
1309 2714
1310 2715
1311 2716
1312 2717
1313 2718
1314 2719
1315 2720
1316 2721
1317 2722
1318 2723
1319 2724
1320 2725
1321 2726
1322 2727
1323 2728
1324 2729
1325 2730
1326 2731
1327 2732
1328 2733
1329 2734
1330 2735
1331 2736
1332 2737
1333 2738
1334 2739
1335 2740
1336 2741
1337 2742
1338 2743
1339 2744
1340 2746
1341 2747
1342 2748
1343 2749
1344 2750
1345 2751
1346 2752
1347 2753
1348 2754
1349 2755
1350 2756
1351 2757
1352 2758
1353 2759
1354 2760
1355 2761
1356 2762
1357 2763
1358 2764
1359 2765
1360 2766
1361 2767
1362 2768
1363 2769
1364 2770
1365 2771
1366 2772
1367 2773
1368 2774
1369 2775
1370 2776
1371 2780
1372 2781
1373 2782
1374 2783
1375 2784
1376 2785
1377 2786
1378 2787
1379 2788
1380 2791
1381 2792
1382 2793
1383 2794
1384 2797
1385 2798
1386 2799
1387 2800
1388 2801
1389 2802
1390 2803
1391 2804
1392 2805
1393 2806
1394 2807
1395 2808
1396 2809
1397 2810
1398 2811
1399 2812
1400 2813
1401 2814
1402 2815
1403 2816
1404 2817
1405 2819
1406 2820
1407 2821
1408 2822
1409 2823
1410 2824
1411 2825
1412 2826
1413 2827
1414 2828
1415 2829
1416 2830
1417 2831
1418 2832
1419 2835
1420 2836
1421 2837
1422 2838
1423 2839
1424 2840
1425 2841
1426 2842
1427 2844
1428 2845
1429 2846
1430 2847
1431 2848
1432 2849
1433 2850
1434 2851
1435 2852
1436 2853
1437 2854
1438 2855
1439 2856
1440 2857
1441 2858
1442 2859
1443 2860
1444 2861
1445 2862
1446 2863
1447 2864
1448 2865
1449 2866
1450 2867
1451 2868
1452 2869
1453 2870
1454 2871
1455 2872
1456 2873
1457 2874
1458 2875
1459 2876
1460 2877
1461 2878
1462 2879
1463 2880
1464 2881
1465 2882
1466 2883
1467 2884
1468 2885
1469 2886
1470 2887
1471 2888
1472 2889
1473 2890
1474 2891
1475 2892
1476 2893
1477 2894
1478 2895
1479 2896
1480 2897
1481 2898
1482 2899
1483 2900
1484 2901
1485 2902
1486 2903
1487 2908
1488 2909
1489 2910
1490 2911
1491 2912
1492 2913
1493 2914
1494 2915
1495 2916
1496 2917
1497 2918
1498 2919
1499 2920
1500 2921
1501 2922
1502 2923
1503 2924
1504 2925
1505 2926
1506 2927
1507 2928
1508 2929
1509 2930
1510 2931
1511 2932
1512 2933
1513 2934
1514 2935
1515 2936
1516 2937
1517 2938
1518 2939
1519 2940
1520 2941
1521 2942
1522 2943
1523 2944
1524 2945
1525 2946
1526 2947
1527 2948
1528 2949
1529 2950
1530 2951
1531 2952
1532 2953
1533 2954
1534 2955
1535 2956
1536 2964
1537 2965
1538 2967
1539 2968
1540 2970
1541 2975
1542 2977
1543 2983
1544 2987
1545 2992
1546 2993
1547 2997
1548 2998
1549 2999
1550 3000
1551 3001
1552 3002
1553 3003
1554 3004
1555 3005
1556 3006
1557 3007
1558 3008
1559 3009
1560 3010
1561 3011
1562 3012
1563 3013
1564 3014
1565 3015
1566 3019
1567 3020
1568 3021
1569 3022
1570 3024
1571 3027
1572 3028
1573 3029
1574 3030
1575 3032
1576 3033
1577 3034
1578 3035
1579 3038
1580 3039
1581 3040
1582 3041
1583 3042
1584 3043
1585 3045
1586 3046
1587 3047
1588 3048
1589 3049
1590 3050
1591 3051
1592 3052
1593 3053
1594 3054
1595 3055
1596 3056
1597 3057
1598 3059
1599 3060
1600 3061
1601 3062
1602 3063
1603 3064
1604 3065
1605 3067
1606 3069
1607 3072
1608 3073
1609 3074
1610 3075
1611 3241
1612 3242
1613 3243
1614 3244
1615 3245
1616 3246
1617 3247
1618 3248
1619 3249
1620 3250
1621 3251
1622 3252
1623 3253
1624 3254
1625 3255
1626 3256
1627 3257
1628 3258
1629 3259
1630 3260
1631 3266
1632 3267
1633 3268
1634 3269
1635 3271
1636 3274
1637 3275
1638 3278
1639 3280
1640 3281
1641 3282
1642 3284
1643 3285
1644 3286
1645 3288
1646 3289
1647 3290
1648 3291
1649 3292
1650 3293
1651 3294
1652 3295
1653 3296
1654 3297
1655 3298
1656 3300
1657 3301
1658 3305
1659 3306
1660 3307
1661 3309
1662 3310
1663 3311
1664 3316
1665 3317
1666 3318
1667 3319
1668 3320
1669 3321
1670 3322
1671 3323
1672 3324
1673 3325
1674 3326
1675 3327
1676 3328
1677 3329
1678 3331
1679 3332
1680 3334
1681 3335
1682 3337
1683 3338
1684 3339
1685 3340
1686 3342
1687 3344
1688 3345
1689 3346
1690 3347
1691 3348
1692 3349
1693 3350
1694 3351
1695 3352
1696 3353
1697 3359
1698 3362
1699 3363
1700 3364
1701 3365
1702 3366
1703 3369
1704 3372
1705 3373
1706 3374
1707 3375
1708 3376
1709 3377
1710 3378
1711 3379
1712 3380
1713 3381
1714 3383
1715 3384
1716 3385
1717 3386
1718 3387
1719 3388
1720 3389
1721 3390
1722 3391
1723 3392
1724 3393
1725 3394
1726 3395
1727 3396
1728 3397
1729 3398
1730 3399
1731 3400
1732 3401
1733 3402
1734 3403
1735 3405
1736 3406
1737 3407
1738 3408
1739 3409
1740 3410
1741 3411
1742 3412
1743 3413
1744 3414
1745 3415
1746 3416
1747 3418
1748 3419
1749 3420
1750 3421
1751 3422
1752 3424
1753 3430
1754 3431
1755 3433
1756 3434
1757 3435
1758 3436
1759 3437
1760 3438
1761 3439
1762 3440
1763 3441
1764 3442
1765 3443
1766 3444
1767 3445
1768 3446
1769 3447
1770 3448
1771 3449
1772 3450
1773 3451
1774 3452
1775 3453
1776 3454
1777 3455
1778 3456
1779 3457
1780 3458
1781 3459
1782 3461
1783 3462
1784 3463
1785 3464
1786 3465
1787 3466
1788 3467
1789 3468
1790 3469
1791 3470
1792 3471
1793 3476
1794 3477
1795 3478
1796 3486
1797 3487
1798 3488
1799 3489
1800 3492
1801 3506
1802 3507
1803 3508
1804 3509
1805 3510
1806 3511
1807 3512
1808 3513
1809 3515
1810 3516
1811 3517
1812 3518
1813 3519
1814 3520
1815 3521
1816 3522
1817 3523
1818 3527
1819 3528
1820 3529
1821 3530
1822 3532
1823 3533
1824 3534
1825 3535
1826 3536
1827 3538
1828 3540
1829 3541
1830 3543
1831 3544
1832 3545
1833 3546
1834 3547
1835 3548
1836 3549
1837 3560
1838 3561
1839 3563
1840 3564
1841 3565
1842 3566
1843 3568
1844 3578
1845 3579
1846 3583
1847 3584
1848 3585
1849 3587
1850 3588
1851 3589
1852 3590
1853 3591
1854 3592
1855 3593
1856 3594
1857 3595
1858 3596
1859 3597
1860 3598
1861 3599
1862 3600
1863 3601
1864 3602
1865 3603
1866 3604
1867 3605
1868 3606
1869 3607
1870 3608
1871 3609
1872 3610
1873 3611
1874 3612
1875 3613
1876 3614
1877 3615
1878 3616
1879 3617
1880 3618
1881 3619
1882 3620
1883 3623
1884 3624
1885 3625
1886 3626
1887 3627
1888 3628
1889 3629
1890 3630
1891 3631
1892 3632
1893 3633
1894 3634
1895 3635
1896 3636
1897 3637
1898 3639
1899 3641
1900 3642
1901 3643
1902 3644
1903 3645
1904 3646
1905 3647
1906 3648
1907 3649
1908 3650
1909 3651
1910 3652
1911 3653
1912 3654
1913 3655
1914 3656
1915 3657
1916 3659
1917 3662
1918 3665
1919 3667
1920 3668
1921 3670
1922 3671
1923 3672
1924 3673
1925 3674
1926 3677
1927 3678
1928 3679
1929 3680
1930 3685
1931 3687
1932 3688
1933 3689
1934 3701
1935 3703
1936 3705
1937 3706
1938 3707
1939 3709
1940 3710
1941 3711
1942 3714
1943 3715
1944 3716
1945 3717
1946 3721
1947 3725
1948 3726
1949 3729
1950 3730
1951 3731
1952 3732
1953 3733
1954 3734
1955 3735
1956 3736
1957 3740
1958 3741
1959 3742
1960 3743
1961 3744
1962 3745
1963 3746
1964 3747
1965 3748
1966 3749
1967 3750
1968 3752
1969 3753
1970 3754
1971 3755
1972 3758
1973 3759
1974 3760
1975 3761
1976 3764
1977 3765
1978 3766
1979 3767
1980 3768
1981 3769
1982 3771
1983 3772
1984 3773
1985 3774
1986 3775
1987 3779
1988 3788
1989 3792
1990 3794
1991 3795
1992 3797
1993 3798
1994 3799
1995 3800
1996 3801
1997 3802
1998 3803
1999 3804
2000 3806
2001 3807
2002 3808
2003 3810
2004 3811
2005 3812
2006 3813
2007 3814
2008 3815
2009 3817
2010 3818
2011 3819
2012 3820
2013 3821
2014 3822
2015 3823
2016 3824
2017 3825
2018 3826
2019 3827
2020 3828
2021 3829
2022 3830
2023 3831
2024 3832
2025 3833
2026 3834
2027 3835
2028 3836
2029 3837
2030 3838
2031 3839
2032 3840
2033 3841
2034 3842
2035 3843
2036 3844
2037 3845
2038 3846
2039 3847
2040 3848
2041 3849
2042 3850
2043 3851
2044 3852
2045 3853
2046 3854
2047 3855
2048 3856
2049 3857
2050 3858
2051 3859
2052 3860
2053 3861
2054 3862
2055 3863
2056 3864
2057 3865
2058 3866
2059 3867
2060 3868
2061 3869
2062 3870
2063 3871
2064 3872
2065 3873
2066 3874
2067 3875
2068 3876
2069 3877
2070 3878
2071 3880
2072 3881
2073 3882
2074 3883
2075 3884
2076 3886
2077 3887
2078 3888
2079 3894
2080 3895
2081 3906
2082 3909
2083 3911
2084 3913
2085 3914
2086 3916
2087 3917
2088 3926
2089 3927
2090 3928
2091 3929
2092 3930
2093 3931
2094 3934
2095 3935
2096 3936
2097 3937
2098 3939
2099 3940
2100 3941
2101 3942
2102 3943
2103 3944
2104 3948
2105 3951
2106 3952
2107 3953
2108 3954
2109 3955
2110 3956
2111 3957
2112 3958
2113 3959
2114 3961
2115 3962
2116 3971
2117 3972
2118 3973
2119 3976
2120 3978
2121 3979
2122 3980
2123 3985
2124 3988
2125 3991
2126 3993
2127 3995
2128 3998
2129 4000
2130 4002
2131 4004
2132 4005
2133 4006
2134 4007
2135 4008
2136 4009
2137 4010
2138 4011
2139 4012
2140 4013
2141 4015
2142 4019
2143 4022
2144 4024
2145 4029
2146 4031
2147 4032
2148 4033
2149 4034
2150 4038
2151 4039
2152 4043
2153 4044
2154 4045
2155 4048
2156 4051
2157 4053
2158 4054
2159 4055
2160 4056
2161 4057
2162 4058
2163 4059
2164 4060
2165 4061
2166 4062
2167 4063
2168 4064
2169 4065
2170 4066
2171 4068
2172 4069
2173 4070
2174 4071
2175 4072
2176 4074
2177 4075
2178 4076
2179 4077
2180 4078
2181 4079
2182 4080
2183 4081
2184 4082
2185 4083
2186 4084
2187 4086
2188 4087
2189 4088
2190 4089
2191 4090
2192 4091
2193 4092
2194 4093
2195 4094
2196 4095
2197 4096
2198 4097
2199 4098
2200 4099
2201 4100
2202 4101
2203 4102
2204 4103
2205 4104
2206 4105
2207 4106
2208 4107
2209 4108
2210 4109
2211 4110
2212 4114
2213 4119
2214 4120
2215 4121
2216 4122
2217 4123
2218 4126
2219 4127
2220 4128
2221 4129
2222 4131
2223 4132
2224 4134
2225 4135
2226 4138
2227 4141
2228 4142
2229 4145
2230 4149
2231 4150
2232 4151
2233 4152
2234 4153
2235 4154
2236 4155
2237 4156
2238 4157
2239 4158
2240 4159
2241 4160
2242 4161
2243 4162
2244 4163
2245 4164
2246 4167
2247 4168
2248 4169
2249 4170
2250 4171
2251 4172
2252 4173
2253 4174
2254 4175
2255 4176
2256 4177
2257 4178
2258 4179
2259 4180
2260 4181
2261 4182
2262 4183
2263 4184
2264 4185
2265 4186
2266 4187
2267 4189
2268 4190
2269 4191
2270 4192
2271 4193
2272 4194
2273 4195
2274 4196
2275 4197
2276 4198
2277 4199
2278 4203
2279 4206
2280 4207
2281 4208
2282 4209
2283 4210
2284 4211
2285 4212
2286 4213
2287 4214
2288 4215
2289 4216
2290 4217
2291 4223
2292 4224
2293 4225
2294 4226
2295 4227
2296 4228
2297 4229
2298 4231
2299 4232
2300 4233
2301 4234
2302 4235
2303 4236
2304 4238
2305 4243
2306 4244
2307 4246
2308 4247
2309 4248
2310 4249
2311 4250
2312 4251
2313 4252
2314 4253
2315 4254
2316 4255
2317 4256
2318 4257
2319 4258
2320 4259
2321 4260
2322 4261
2323 4262
2324 4264
2325 4265
2326 4267
2327 4268
2328 4269
2329 4270
2330 4271
2331 4272
2332 4273
2333 4274
2334 4275
2335 4276
2336 4277
2337 4278
2338 4279
2339 4280
2340 4281
2341 4282
2342 4283
2343 4284
2344 4285
2345 4286
2346 4287
2347 4288
2348 4289
2349 4290
2350 4291
2351 4292
2352 4293
2353 4294
2354 4295
2355 4296
2356 4300
2357 4301
2358 4303
2359 4305
2360 4308
2361 4310
2362 4312
2363 4313
2364 4314
2365 4315
2366 4316
2367 4317
2368 4318
2369 4321
2370 4322
2371 4325
2372 4327
2373 4332
2374 4333
2375 4334
2376 4335
2377 4336
2378 4337
2379 4338
2380 4339
2381 4340
2382 4341
2383 4342
2384 4343
2385 4347
2386 4348
2387 4349
2388 4357
2389 4358
2390 4362
2391 4365
2392 4366
2393 4367
2394 4368
2395 4370
2396 4371
2397 4372
2398 4373
2399 4374
2400 4377
2401 4378
2402 4379
2403 4380
2404 4381
2405 4382
2406 4383
2407 4384
2408 4385
2409 4386
2410 4387
2411 4389
2412 4390
2413 4391
2414 4395
2415 4396
2416 4397
2417 4399
2418 4400
2419 4401
2420 4402
2421 4404
2422 4405
2423 4406
2424 4407
2425 4408
2426 4409
2427 4410
2428 4411
2429 4412
2430 4414
2431 4415
2432 4417
2433 4422
2434 4423
2435 4424
2436 4425
2437 4426
2438 4428
2439 4429
2440 4430
2441 4431
2442 4432
2443 4433
2444 4434
2445 4435
2446 4436
2447 4437
2448 4441
2449 4442
2450 4444
2451 4445
2452 4446
2453 4447
2454 4448
2455 4449
2456 4450
2457 4451
2458 4452
2459 4453
2460 4454
2461 4455
2462 4456
2463 4457
2464 4458
2465 4459
2466 4460
2467 4464
2468 4465
2469 4468
2470 4469
2471 4470
2472 4471
2473 4472
2474 4473
2475 4474
2476 4475
2477 4476
2478 4477
2479 4478
2480 4479
2481 4480
2482 4481
2483 4482
2484 4483
2485 4484
2486 4485
2487 4486
2488 4487
2489 4488
2490 4489
2491 4490
2492 4491
2493 4492
2494 4493
2495 4494
2496 4495
2497 4496
2498 4497
2499 4498
2500 4499
2501 4500
2502 4501
2503 4502
2504 4503
2505 4504
2506 4505
2507 4506
2508 4507
2509 4510
2510 4511
2511 4512
2512 4513
2513 4514
2514 4515
2515 4516
2516 4517
2517 4518
2518 4519
2519 4520
2520 4521
2521 4522
2522 4523
2523 4524
2524 4525
2525 4526
2526 4527
2527 4528
2528 4529
2529 4530
2530 4531
2531 4533
2532 4534
2533 4535
2534 4536
2535 4537
2536 4538
2537 4540
2538 4541
2539 4542
2540 4543
2541 4544
2542 4545
2543 4546
2544 4547
2545 4548
2546 4549
2547 4550
2548 4551
2549 4552
2550 4553
2551 4554
2552 4555
2553 4556
2554 4557
2555 4558
2556 4559
2557 4560
2558 4561
2559 4562
2560 4563
2561 4564
2562 4565
2563 4566
2564 4567
2565 4568
2566 4569
2567 4570
2568 4571
2569 4572
2570 4573
2571 4574
2572 4575
2573 4576
2574 4577
2575 4578
2576 4579
2577 4580
2578 4581
2579 4582
2580 4583
2581 4584
2582 4585
2583 4586
2584 4587
2585 4588
2586 4589
2587 4590
2588 4591
2589 4592
2590 4593
2591 4594
2592 4595
2593 4596
2594 4597
2595 4598
2596 4599
2597 4600
2598 4601
2599 4602
2600 4603
2601 4604
2602 4605
2603 4606
2604 4607
2605 4608
2606 4609
2607 4610
2608 4611
2609 4612
2610 4613
2611 4614
2612 4615
2613 4616
2614 4618
2615 4619
2616 4620
2617 4621
2618 4622
2619 4623
2620 4624
2621 4625
2622 4627
2623 4628
2624 4629
2625 4630
2626 4631
2627 4632
2628 4633
2629 4634
2630 4635
2631 4636
2632 4637
2633 4638
2634 4639
2635 4640
2636 4641
2637 4642
2638 4643
2639 4644
2640 4645
2641 4646
2642 4649
2643 4650
2644 4651
2645 4652
2646 4653
2647 4654
2648 4655
2649 4656
2650 4657
2651 4658
2652 4659
2653 4660
2654 4661
2655 4662
2656 4663
2657 4664
2658 4665
2659 4666
2660 4667
2661 4668
2662 4669
2663 4670
2664 4671
2665 4672
2666 4673
2667 4674
2668 4675
2669 4676
2670 4677
2671 4678
2672 4679
2673 4680
2674 4681
2675 4682
2676 4683
2677 4684
2678 4685
2679 4686
2680 4687
2681 4689
2682 4690
2683 4691
2684 4692
2685 4693
2686 4694
2687 4695
2688 4696
2689 4697
2690 4698
2691 4699
2692 4700
2693 4701
2694 4702
2695 4703
2696 4704
2697 4705
2698 4706
2699 4707
2700 4708
2701 4709
2702 4710
2703 4711
2704 4712
2705 4713
2706 4714
2707 4715
2708 4716
2709 4717
2710 4718
2711 4719
2712 4720
2713 4721
2714 4723
2715 4724
2716 4725
2717 4726
2718 4727
2719 4728
2720 4729
2721 4738
2722 4739
2723 4740
2724 4741
2725 4742
2726 4743
2727 4744
2728 4745
2729 4746
2730 4747
2731 4748
2732 4749
2733 4750
2734 4751
2735 4752
2736 4753
2737 4754
2738 4755
2739 4756
2740 4757
2741 4758
2742 4759
2743 4760
2744 4761
2745 4762
2746 4763
2747 4764
2748 4765
2749 4766
2750 4767
2751 4768
2752 4769
2753 4770
2754 4771
2755 4772
2756 4773
2757 4778
2758 4779
2759 4781
2760 4782
2761 4783
2762 4784
2763 4785
2764 4786
2765 4787
2766 4788
2767 4789
2768 4790
2769 4791
2770 4792
2771 4793
2772 4794
2773 4795
2774 4796
2775 4797
2776 4798
2777 4799
2778 4800
2779 4801
2780 4802
2781 4803
2782 4804
2783 4805
2784 4806
2785 4807
2786 4808
2787 4809
2788 4810
2789 4811
2790 4812
2791 4813
2792 4814
2793 4815
2794 4816
2795 4817
2796 4818
2797 4819
2798 4820
2799 4821
2800 4822
2801 4823
2802 4824
2803 4825
2804 4828
2805 4829
2806 4830
2807 4831
2808 4832
2809 4834
2810 4835
2811 4836
2812 4837
2813 4838
2814 4839
2815 4840
2816 4841
2817 4842
2818 4843
2819 4844
2820 4845
2821 4846
2822 4847
2823 4848
2824 4849
2825 4850
2826 4851
2827 4852
2828 4855
2829 4856
2830 4862
2831 4863
2832 4864
2833 4865
2834 4866
2835 4867
2836 4868
2837 4869
2838 4870
2839 4871
2840 4872
2841 4873
2842 4874
2843 4875
2844 4876
2845 4877
2846 4878
2847 4879
2848 4880
2849 4881
2850 4882
2851 4883
2852 4884
2853 4885
2854 4886
2855 4887
2856 4888
2857 4889
2858 4890
2859 4891
2860 4892
2861 4893
2862 4894
2863 4895
2864 4896
2865 4897
2866 4898
2867 4899
2868 4900
2869 4902
2870 4903
2871 4904
2872 4905
2873 4906
2874 4907
2875 4908
2876 4909
2877 4910
2878 4911
2879 4912
2880 4913
2881 4914
2882 4915
2883 4916
2884 4917
2885 4918
2886 4919
2887 4920
2888 4921
2889 4922
2890 4923
2891 4924
2892 4925
2893 4927
2894 4928
2895 4929
2896 4930
2897 4931
2898 4933
2899 4934
2900 4936
2901 4938
2902 4941
2903 4945
2904 4946
2905 4947
2906 4948
2907 4949
2908 4950
2909 4951
2910 4952
2911 4953
2912 4954
2913 4955
2914 4956
2915 4957
2916 4958
2917 4959
2918 4960
2919 4961
2920 4962
2921 4963
2922 4964
2923 4965
2924 4970
2925 4971
2926 4977
2927 4978
2928 4981
2929 4982
2930 4983
2931 4984
2932 4985
2933 4986
2934 4987
2935 4988
2936 4989
2937 4990
2938 4991
2939 4992
2940 4993
2941 4994
2942 4995
2943 4996
2944 4997
2945 4998
2946 4999
2947 5000
2948 5001
2949 5002
2950 5003
2951 5004
2952 5010
2953 5011
2954 5016
2955 5017
2956 5018
2957 5019
2958 5020
2959 5021
2960 5022
2961 5023
2962 5024
2963 5025
2964 5026
2965 5028
2966 5029
2967 5030
2968 5031
2969 5033
2970 5038
2971 5039
2972 5042
2973 5044
2974 5045
2975 5046
2976 5047
2977 5048
2978 5049
2979 5050
2980 5051
2981 5052
2982 5053
2983 5054
2984 5055
2985 5056
2986 5057
2987 5058
2988 5059
2989 5060
2990 5061
2991 5062
2992 5063
2993 5064
2994 5065
2995 5066
2996 5067
2997 5068
2998 5069
2999 5070
3000 5076
3001 5077
3002 5087
3003 5088
3004 5089
3005 5090
3006 5091
3007 5092
3008 5095
3009 5096
3010 5097
3011 5098
3012 5099
3013 5100
3014 5101
3015 5102
3016 5109
3017 5110
3018 5111
3019 5112
3020 5114
3021 5115
3022 5118
3023 5119
3024 5120
3025 5121
3026 5122
3027 5123
3028 5124
3029 5128
3030 5129
3031 5130
3032 5131
3033 5132
3034 5133
3035 5134
3036 5135
3037 5136
3038 5137
3039 5138
3040 5139
3041 5141
3042 5142
3043 5143
3044 5144
3045 5145
3046 5146
3047 5147
3048 5148
3049 5149
3050 5150
3051 5151
3052 5152
3053 5153
3054 5154
3055 5155
3056 5156
3057 5157
3058 5158
3059 5159
3060 5160
3061 5161
3062 5162
3063 5163
3064 5164
3065 5166
3066 5169
3067 5170
3068 5171
3069 5173
3070 5174
3071 5175
3072 5176
3073 5177
3074 5178
3075 5179
3076 5180
3077 5181
3078 5182
3079 5183
3080 5184
3081 5185
3082 5186
3083 5187
3084 5188
3085 5189
3086 5190
3087 5191
3088 5192
3089 5193
3090 5194
3091 5195
3092 5196
3093 5197
3094 5198
3095 5199
3096 5200
3097 5201
3098 5202
3099 5203
3100 5204
3101 5205
3102 5206
3103 5207
3104 5208
3105 5209
3106 5210
3107 5211
3108 5212
3109 5213
3110 5214
3111 5215
3112 5216
3113 5217
3114 5218
3115 5219
3116 5220
3117 5221
3118 5222
3119 5223
3120 5224
3121 5225
3122 5226
3123 5227
3124 5228
3125 5229
3126 5230
3127 5231
3128 5232
3129 5233
3130 5234
3131 5235
3132 5236
3133 5237
3134 5238
3135 5239
3136 5240
3137 5242
3138 5243
3139 5249
3140 5250
3141 5251
3142 5254
3143 5256
3144 5257
3145 5258
3146 5259
3147 5260
3148 5261
3149 5264
3150 5265
3151 5266
3152 5270
3153 5271
3154 5272
3155 5273
3156 5274
3157 5275
3158 5276
3159 5277
3160 5278
3161 5279
3162 5280
3163 5281
3164 5282
3165 5283
3166 5284
3167 5285
3168 5286
3169 5287
3170 5290
3171 5291
3172 5292
3173 5293
3174 5296
3175 5298
3176 5299
3177 5300
3178 5301
3179 5302
3180 5304
3181 5305
3182 5306
3183 5307
3184 5308
3185 5309
3186 5310
3187 5311
3188 5312
3189 5313
3190 5314
3191 5315
3192 5316
3193 5317
3194 5318
3195 5319
3196 5320
3197 5326
3198 5329
3199 5330
3200 5331
3201 5332
3202 5334
3203 5336
3204 5340
3205 5341
3206 5342
3207 5348
3208 5350
3209 5351
3210 5352
3211 5353
3212 5356
3213 5357
3214 5358
3215 5359
3216 5360
3217 5361
3218 5362
3219 5363
3220 5364
3221 5367
3222 5368
3223 5369
3224 5370
3225 5371
3226 5372
3227 5373
3228 5374
3229 5375
3230 5376
3231 5377
3232 5378
3233 5379
3234 5380
3235 5381
3236 5382
3237 5383
3238 5384
3239 5385
3240 5386
3241 5387
3242 5388
3243 5389
3244 5390
3245 5391
3246 5394
3247 5395
3248 5396
3249 5397
3250 5398
3251 5399
3252 5400
3253 5401
3254 5402
3255 5403
3256 5404
3257 5405
3258 5406
3259 5407
3260 5409
3261 5410
3262 5414
3263 5415
3264 5416
3265 5417
3266 5418
3267 5419
3268 5423
3269 5424
3270 5425
3271 5426
3272 5427
3273 5428
3274 5432
3275 5435
3276 5438
3277 5439
3278 5440
3279 5441
3280 5442
3281 5443
3282 5444
3283 5445
3284 5446
3285 5447
3286 5448
3287 5449
3288 5452
3289 5453
3290 5454
3291 5455
3292 5456
3293 5457
3294 5458
3295 5459
3296 5460
3297 5461
3298 5463
3299 5464
3300 5465
3301 5466
3302 5467
3303 5468
3304 5469
3305 5471
3306 5473
3307 5474
3308 5475
3309 5476
3310 5477
3311 5478
3312 5479
3313 5482
3314 5483
3315 5484
3316 5486
3317 5487
3318 5488
3319 5489
3320 5490
3321 5491
3322 5492
3323 5493
3324 5494
3325 5495
3326 5496
3327 5497
3328 5498
3329 5499
3330 5500
3331 5501
3332 5502
3333 5503
3334 5504
3335 5505
3336 5506
3337 5507
3338 5508
3339 5509
3340 5510
3341 5511
3342 5512
3343 5513
3344 5514
3345 5515
3346 5516
3347 5518
3348 5519
3349 5521
3350 5523
3351 5524
3352 5526
3353 5527
3354 5528
3355 5533
3356 5534
3357 5535
3358 5536
3359 5537
3360 5538
3361 5541
3362 5542
3363 5543
3364 5544
3365 5545
3366 5546
3367 5547
3368 5548
3369 5551
3370 5557
3371 5558
3372 5559
3373 5560
3374 5561
3375 5562
3376 5563
3377 5564
3378 5565
3379 5567
3380 5568
3381 5570
3382 5575
3383 5576
3384 5593
3385 5607
3386 5608
3387 5609
3388 5611
3389 5612
3390 5613
3391 5614
3392 5615
3393 5616
3394 5617
3395 5618
3396 5621
3397 5623
3398 5624
3399 5625
3400 5626
3401 5627
3402 5628
3403 5629
3404 5631
3405 5633
3406 5634
3407 5637
3408 5638
3409 5640
3410 5642
3411 5643
3412 5645
3413 5646
3414 5647
3415 5648
3416 5649
3417 5655
3418 5656
3419 5659
3420 5660
3421 5661
3422 5663
3423 5668
3424 5670
3425 5675
3426 5688
3427 5691
3428 5692
3429 5693
3430 5696
3431 5697
3432 5699
3433 5700
3434 5701
3435 5702
3436 5703
3437 5704
3438 5705
3439 5706
3440 5707
3441 5708
3442 5709
3443 5710
3444 5711
3445 5713
3446 5714
3447 5718
3448 5722
3449 5735
3450 5736
3451 5741
3452 5742
3453 5744
3454 5745
3455 5746
3456 5747
3457 5748
3458 5751
3459 5753
3460 5754
3461 5755
3462 5756
3463 5757
3464 5758
3465 5764
3466 5766
3467 5767
3468 5768
3469 5769
3470 5770
3471 5774
3472 5775
3473 5776
3474 5777
3475 5778
3476 5779
3477 5780
3478 5781
3479 5782
3480 5783
3481 5785
3482 5786
3483 5787
3484 5788
3485 5789
3486 5790
3487 5792
3488 5793
3489 5794
3490 5795
3491 5796
3492 5797
3493 5798
3494 5801
3495 5802
3496 5803
3497 5804
3498 5805
3499 5806
3500 5807
3501 5808
3502 5809
3503 5810
3504 5813
3505 5814
3506 5815
3507 5817
3508 5818
3509 5820
3510 5821
3511 5822
3512 5828
3513 5829
3514 5830
3515 5831
3516 5832
3517 5834
3518 5835
3519 5836
3520 5837
3521 5838
3522 5842
3523 5843
3524 5844
3525 5846
3526 5847
3527 5853
3528 5854
3529 5857
3530 5858
3531 5860
3532 5863
3533 5865
3534 5866
3535 5867
