1 2726
2 2727
3 2728
4 2729
5 2732
6 2733
7 2734
8 2737
9 2740
10 2741
11 2742
12 2743
13 2744
14 2745
15 2746
16 2747
17 2748
18 2749
19 2750
20 2751
21 2752
22 2753
23 2754
24 2755
25 2757
26 2758
27 2759
28 2766
29 2767
30 2768
31 2771
32 2772
33 2773
34 2774
35 2776
36 2778
37 2780
38 2781
39 2784
40 2785
41 2786
42 2787
43 2788
44 2789
45 2790
46 2791
47 2792
48 2793
49 2794
50 2802
51 2810
52 2811
53 2813
54 2814
55 2815
56 2816
57 2817
58 2819
59 2820
60 2826
61 2827
62 2828
63 2830
64 2831
65 2836
66 2837
67 2838
68 2839
69 2840
70 2841
71 2842
72 2843
73 2844
74 2845
75 2846
76 2847
77 2849
78 2850
79 2851
80 2852
81 2853
82 2855
83 2856
84 2857
85 2858
86 2859
87 2860
88 2861
89 2862
90 2864
91 2867
92 2868
93 2870
94 2871
95 2872
96 2873
97 2874
98 2875
99 2876
100 2877
101 2880
102 2885
103 2886
104 2887
105 2891
106 2893
107 2894
108 2896
109 2897
110 2898
111 2899
112 2900
113 2901
114 2902
115 2903
116 2904
117 2905
118 2907
119 2908
120 2911
121 2912
122 2917
123 2918
124 2919
125 2920
126 2921
127 2923
128 2925
129 2927
130 2928
131 2929
132 2931
133 2932
134 2933
135 2934
136 2935
137 2936
138 2937
139 2945
140 2946
141 2948
142 2950
143 2951
144 2953
145 2954
146 2955
147 2956
148 2958
149 2959
150 2960
151 2961
152 2962
153 2963
154 2964
155 2965
156 2967
157 2979
158 2980
159 2981
160 2982
161 2983
162 2986
163 2987
164 2988
165 2990
166 2991
167 2992
168 2993
169 2994
170 2995
171 2996
172 2999
173 3000
174 3002
175 3003
176 3004
177 3005
178 3006
179 3007
180 3008
181 3009
182 3010
183 3011
184 3012
185 3013
186 3014
187 3015
188 3016
189 3017
190 3018
191 3019
192 3020
193 3021
194 3022
195 3023
196 3024
197 3026
198 3027
199 3028
200 3029
201 3032
202 3033
203 3034
204 3035
205 3036
206 3038
207 3040
208 3042
209 3043
210 3044
211 3045
212 3046
213 3047
214 3048
215 3049
216 3050
217 3051
218 3052
219 3053
220 3054
221 3055
222 3056
223 3057
224 3058
225 3059
226 3061
227 3065
228 3066
229 3067
230 3068
231 3070
232 3071
233 3072
234 3073
235 3075
236 3076
237 3079
238 3080
239 3082
240 3083
241 3085
242 3086
243 3087
244 3092
245 3093
246 3094
247 3095
248 3096
249 3097
250 3101
251 3102
252 3104
253 3110
254 3111
255 3114
256 3116
257 3117
258 3118
259 3119
260 3120
261 3121
262 3122
263 3123
264 3124
265 3142
266 3148
267 3149
268 3150
269 3155
270 3158
271 3159
272 3163
273 3176
274 3178
275 3179
276 3180
277 3181
278 3182
279 3193
280 3194
281 3195
282 3197
283 3198
284 3200
285 3202
286 3204
287 3205
288 3210
289 3213
290 3222
291 3223
292 3224
293 3225
294 3227
295 3228
296 3230
297 3231
298 3232
299 3235
300 3236
301 3237
302 3238
303 3239
304 3240
305 3241
306 3242
307 3243
308 3244
309 3246
310 3248
311 3251
312 3252
313 3253
314 3254
315 3255
316 3256
317 3257
318 3259
319 3260
320 3261
321 3262
322 3264
323 3265
324 3266
325 3267
326 3268
327 3269
328 3270
329 3273
330 3275
331 3276
332 3277
333 3278
334 3279
335 3280
336 3281
337 3284
338 3285
339 3286
340 3287
341 3288
342 3289
343 3290
344 3291
345 3292
346 3293
347 3294
348 3295
349 3296
350 3297
351 3298
352 3299
353 3300
354 3306
355 3308
356 3309
357 3310
358 3311
359 3312
360 3313
361 3314
362 3336
363 3337
364 3338
365 3339
366 3340
367 3341
368 3342
369 3343
370 3344
371 3347
372 3348
373 3351
374 3352
375 3353
376 3354
377 3355
378 3356
379 3357
380 3359
381 3360
382 3361
383 3362
384 3369
385 3370
386 3371
387 3372
388 3373
389 3374
390 3375
391 3376
392 3377
393 3378
394 3379
395 3380
396 3384
397 3386
398 3387
399 3388
400 3389
401 3395
402 3396
403 3397
404 3398
405 3401
406 3404
407 3406
408 3407
409 3408
410 3411
411 3416
412 3420
413 3427
414 3428
415 3429
416 3430
417 3431
418 3432
419 3433
420 3434
421 3435
422 3436
423 3437
424 3444
425 3445
426 3446
427 3447
428 3448
429 3449
430 3450
431 3451
432 3452
433 3453
434 3454
435 3455
436 3456
437 3457
438 3458
439 3459
440 3461
441 3463
442 3464
443 3465
444 3466
445 3467
446 3469
447 3470
448 3474
449 3475
450 3477
451 3478
452 3487
453 3488
454 3489
455 3492
456 3493
457 3499
458 3500
459 3502
460 3503
461 3504
462 3505
463 3507
464 3508
465 3514
466 3516
467 3520
468 3522
469 3527
470 3533
471 3535
472 3536
473 3537
474 3541
475 3542
476 3554
477 3555
478 3556
479 3564
480 3568
481 3573
482 3578
483 3581
484 3583
485 3585
486 3586
487 3600
488 3610
489 3612
490 3614
491 3615
492 3616
493 3617
494 3618
495 3619
496 3624
497 3627
498 3630
499 3631
500 3632
501 3633
502 3634
503 3635
504 3636
505 3637
506 3638
507 3639
508 3640
509 3681
510 3714
511 3715
512 3720
513 3723
514 3724
515 3725
516 3726
517 3727
518 3728
519 3729
520 3730
521 3732
522 3733
523 3734
524 3735
525 3736
526 3737
527 3738
528 3739
529 3740
530 3741
531 3742
532 3749
533 3750
534 3751
535 3752
536 3753
537 3754
538 3755
539 3756
540 3757
541 3758
542 3761
543 3763
544 3764
545 3765
546 3805
547 3806
548 3807
549 3808
550 3810
551 3811
552 3812
553 3813
554 3815
555 3820
556 3821
557 3822
558 3823
559 3824
560 3825
561 3826
562 3827
563 3828
564 3829
565 3830
566 3831
567 3832
568 3833
569 3834
570 3835
571 3836
572 3838
573 3841
574 3842
575 3843
576 3844
577 3845
578 3846
579 3847
580 3848
581 3849
582 3850
583 3851
584 3852
585 3853
586 3854
587 3855
588 3856
589 3857
590 3858
591 3865
592 3866
593 3867
594 3868
595 3869
596 3870
597 3871
598 3873
599 3874
600 3875
601 3876
602 3877
603 3878
604 3879
605 3880
606 3881
607 3882
608 3884
609 3885
610 3886
611 3887
612 3888
613 3889
614 3890
615 3891
616 3892
617 3893
618 3894
619 3895
620 3896
621 3897
622 3916
623 3917
624 3918
625 3919
626 3921
627 3926
628 3927
629 3928
630 3929
631 3930
632 3932
633 3934
634 3935
635 3936
636 3937
637 3938
638 3939
639 3941
640 3943
641 3944
642 3945
643 3946
644 3948
645 3949
646 3950
647 3951
648 3952
649 3953
650 3954
651 3955
652 3956
653 3957
654 3958
655 3959
656 3960
657 3961
658 3962
659 3984
660 3985
661 3986
662 3987
663 3988
664 3989
665 3990
666 3992
667 3993
668 3994
669 3995
670 3996
671 3998
672 3999
673 4000
674 4001
675 4002
676 4003
677 4004
678 4005
679 4006
680 4007
681 4008
682 4009
683 4014
684 4015
685 4017
686 4019
687 4020
688 4021
689 4022
690 4023
691 4024
692 4025
693 4026
694 4027
695 4028
696 4029
697 4030
698 4031
699 4032
700 4033
701 4034
702 4035
703 4037
704 4040
705 4041
706 4042
707 4043
708 4044
709 4045
710 4047
711 4048
712 4049
713 4051
714 4053
715 4054
716 4055
717 4056
718 4057
719 4058
720 4060
721 4061
722 4062
723 4063
724 4066
725 4067
726 4068
727 4069
728 4070
729 4072
730 4074
731 4075
732 4076
733 4077
734 4081
735 4082
736 4083
737 4085
738 4087
739 4088
740 4090
741 4093
742 4094
743 4095
744 4096
745 4097
746 4098
747 4099
748 4100
749 4101
750 4102
751 4103
752 4104
753 4105
754 4106
755 4107
756 4108
757 4109
758 4113
759 4117
760 4118
761 4119
762 4120
763 4121
764 4122
765 4123
766 4124
767 4125
768 4126
769 4127
770 4130
771 4131
772 4137
773 4138
774 4167
775 4170
776 4171
777 4173
778 4174
779 4175
780 4179
781 4183
782 4192
783 4194
784 4197
785 4200
786 4201
787 4202
788 4203
789 4204
790 4205
791 4211
792 4212
793 4213
794 4216
795 4217
796 4218
797 4219
798 4220
799 4226
800 4228
801 4229
802 4230
803 4231
804 4232
805 4233
806 4234
807 4235
808 4236
809 4237
810 4238
811 4242
812 4243
813 4244
814 4246
815 4247
816 4250
817 4251
818 4276
819 4277
820 4278
821 4279
822 4280
823 4281
824 4282
825 4283
826 4284
827 4285
828 4286
829 4287
830 4288
831 4289
832 4290
833 4291
834 4292
835 4293
836 4294
837 4295
838 4296
839 4297
840 4298
841 4299
842 4300
843 4301
844 4302
845 4303
846 4304
847 4305
848 4306
849 4307
850 4308
851 4309
852 4310
853 4311
854 4312
855 4313
856 4314
857 4315
858 4316
859 4317
860 4318
861 4319
862 4320
863 4321
864 4322
865 4323
866 4324
867 4325
868 4326
869 4327
870 4328
871 4329
872 4334
873 4335
874 4336
875 4337
876 4338
877 4340
878 4341
879 4342
880 4344
881 4345
882 4346
883 4347
884 4348
885 4349
886 4350
887 4351
888 4355
889 4356
890 4357
891 4358
892 4398
893 4399
894 4400
895 4403
896 4404
897 4405
898 4408
899 4409
900 4415
901 4416
902 4417
903 4418
904 4419
905 4420
906 4421
907 4422
908 4426
909 4427
910 4428
911 4429
912 4430
913 4431
914 4432
915 4433
916 4434
917 4436
918 4438
919 4439
920 4440
921 4441
922 4442
923 4443
924 4444
925 4445
926 4447
927 4448
928 4449
929 4450
930 4451
931 4454
932 4455
933 4456
934 4457
935 4458
936 4459
937 4466
938 4467
939 4470
940 4475
941 4476
942 4477
943 4478
944 4479
945 4480
946 4481
947 4482
948 4484
949 4487
950 4488
951 4489
952 4490
953 4491
954 4494
955 4499
956 4500
957 4501
958 4502
959 4503
960 4504
961 4505
962 4506
963 4509
964 4510
965 4511
966 4512
967 4513
968 4514
969 4516
970 4517
971 4520
972 4531
973 4533
974 4535
975 4536
976 4538
977 4540
978 4541
979 4542
980 4543
981 4544
982 4548
983 4549
984 4550
985 4551
986 4561
987 4562
988 4563
989 4564
990 4565
991 4566
992 4569
993 4571
994 4572
995 4573
996 4574
997 4575
998 4576
999 4578
1000 4579
1001 4580
1002 4581
1003 4583
1004 4584
1005 4585
1006 4586
1007 4587
1008 4588
1009 4589
1010 4593
1011 4594
1012 4595
1013 4596
1014 4597
1015 4598
1016 4599
1017 4600
1018 4601
1019 4602
1020 4603
1021 4604
1022 4605
1023 4606
1024 4607
1025 4608
1026 4609
1027 4610
1028 4628
1029 4629
1030 4630
1031 4631
1032 4632
1033 4633
1034 4634
1035 4635
1036 4636
1037 4648
1038 4649
1039 4650
1040 4651
1041 4652
1042 4653
1043 4654
1044 4655
1045 4656
1046 4657
1047 4658
1048 4659
1049 4660
1050 4661
1051 4662
1052 4663
1053 4664
1054 4665
1055 4666
1056 4667
1057 4668
1058 4669
1059 4670
1060 4671
1061 4672
1062 4673
1063 4674
1064 4675
1065 4676
1066 4677
1067 4678
1068 4679
1069 4680
1070 4681
1071 4682
1072 4683
1073 4684
1074 4685
1075 4686
1076 4687
1077 4688
1078 4689
1079 4690
1080 4691
1081 4692
1082 4693
1083 4694
1084 4695
1085 4696
1086 4697
1087 4698
1088 4699
1089 4700
1090 4701
1091 4702
1092 4703
1093 4704
1094 4705
1095 4706
1096 4707
1097 4708
1098 4710
1099 4713
1100 4714
1101 4715
1102 4716
1103 4717
1104 4718
1105 4719
1106 4720
1107 4721
1108 4722
1109 4723
1110 4724
1111 4725
1112 4726
1113 4727
1114 4728
1115 4729
1116 4730
1117 4738
1118 4739
1119 4741
1120 4742
1121 4744
1122 4749
1123 4751
1124 4756
1125 4760
1126 4761
1127 4762
1128 4763
1129 4764
1130 4765
1131 4766
1132 4767
1133 4768
1134 4769
1135 4770
1136 4771
1137 4772
1138 4773
1139 4775
1140 4777
1141 4778
1142 4779
1143 4780
1144 4781
1145 4783
1146 4784
1147 4785
1148 4786
1149 4788
1150 4789
1151 4790
1152 4791
1153 4792
1154 4793
1155 4795
1156 4796
1157 4797
1158 4798
1159 4799
1160 4800
1161 4801
1162 4802
1163 4803
1164 4804
1165 4805
1166 4806
1167 4807
1168 4809
1169 4810
1170 4811
1171 4814
1172 4815
1173 4816
1174 4817
1175 4818
1176 4819
1177 4820
1178 4821
1179 4822
1180 4823
1181 4824
1182 4825
1183 4826
1184 4827
1185 4828
1186 4829
1187 4830
1188 4831
1189 4832
1190 4833
1191 4834
1192 4835
1193 4836
1194 4837
1195 4838
1196 4839
1197 4840
1198 4841
1199 4842
1200 4843
1201 4844
1202 4845
1203 4846
1204 4847
1205 4848
1206 4849
1207 4850
1208 4851
1209 4852
1210 4853
1211 4854
1212 4855
1213 4856
1214 4857
1215 4858
1216 4859
1217 4860
1218 4861
1219 4862
1220 4863
1221 4864
1222 4865
1223 4866
1224 4867
1225 4868
1226 4869
1227 4870
1228 4871
1229 4872
1230 4873
1231 4874
1232 4875
1233 4876
1234 4877
1235 4878
1236 4879
1237 4880
1238 4881
1239 4882
1240 4883
1241 4884
1242 4885
1243 4886
1244 4887
1245 4888
1246 4889
1247 4890
1248 4891
1249 4892
1250 4893
1251 4894
1252 4895
1253 4896
1254 4897
1255 4898
1256 4899
1257 4900
1258 4901
1259 4902
1260 4903
1261 4904
1262 4905
1263 4906
1264 4907
1265 4908
1266 4909
1267 4910
1268 4911
1269 4912
1270 4913
1271 4914
1272 4915
1273 4916
1274 4917
1275 4918
1276 4919
1277 4920
1278 4921
1279 4922
1280 4923
1281 4924
1282 4925
1283 4926
1284 4927
1285 4928
1286 4929
1287 4930
1288 4931
1289 4932
1290 4933
1291 4934
1292 4935
1293 4936
1294 4937
1295 4938
1296 4939
1297 4940
1298 4941
1299 4942
1300 4943
1301 4944
1302 4945
1303 4946
1304 4947
1305 4948
1306 4949
1307 4950
1308 4951
1309 4952
1310 4953
1311 4954
1312 4955
1313 4956
1314 4957
1315 4958
1316 4959
1317 4960
1318 4961
1319 4962
1320 4963
1321 4964
1322 4965
1323 4966
1324 4967
1325 4968
1326 4969
1327 4970
1328 4971
1329 4972
1330 4973
1331 4974
1332 4975
1333 4976
1334 4977
1335 4978
1336 4979
1337 4980
1338 4981
1339 4983
1340 4984
1341 4985
1342 4986
1343 4987
1344 4988
1345 4989
1346 4990
1347 4991
1348 4992
1349 4993
1350 4999
1351 5000
1352 5001
1353 5002
1354 5003
1355 5005
1356 5006
1357 5007
1358 5008
1359 5009
1360 5010
1361 5011
1362 5012
1363 5013
1364 5014
1365 5015
1366 5016
1367 5017
1368 5018
1369 5020
1370 5021
1371 5022
1372 5023
1373 5024
1374 5025
1375 5026
1376 5027
1377 5028
1378 5029
1379 5033
1380 5034
1381 5035
1382 5036
1383 5038
1384 5039
1385 5040
1386 5041
1387 5044
1388 5045
1389 5046
1390 5047
1391 5048
1392 5050
1393 5051
1394 5052
1395 5053
1396 5054
1397 5055
1398 5056
1399 5057
1400 5059
1401 5060
1402 5062
1403 5063
1404 5064
1405 5065
1406 5067
1407 5069
1408 5070
1409 5071
1410 5072
1411 5073
1412 5074
1413 5077
1414 5078
1415 5079
1416 5080
1417 5081
1418 5082
1419 5083
1420 5084
1421 5085
1422 5086
1423 5087
1424 5088
1425 5089
1426 5090
1427 5091
1428 5092
1429 5095
1430 5096
1431 5097
1432 5098
1433 5099
1434 5103
1435 5106
1436 5107
1437 5108
1438 5109
1439 5110
1440 5111
1441 5112
1442 5113
1443 5114
1444 5115
1445 5116
1446 5117
1447 5118
1448 5119
1449 5120
1450 5122
1451 5123
1452 5124
1453 5125
1454 5126
1455 5128
1456 5129
1457 5130
1458 5133
1459 5134
1460 5135
1461 5136
1462 5142
1463 5143
1464 5144
1465 5145
1466 5146
1467 5147
1468 5148
1469 5149
1470 5150
1471 5151
1472 5152
1473 5153
1474 5154
1475 5157
1476 5158
1477 5159
1478 5162
1479 5163
1480 5164
1481 5165
1482 5166
1483 5167
1484 5169
1485 5170
1486 5171
1487 5173
1488 5176
1489 5178
1490 5179
1491 5180
1492 5181
1493 5182
1494 5183
1495 5184
1496 5185
1497 5186
1498 5187
1499 5188
1500 5189
1501 5191
1502 5192
1503 5193
1504 5194
1505 5195
1506 5197
1507 5198
1508 5199
1509 5200
1510 5201
1511 5202
1512 5203
1513 5204
1514 5205
1515 5206
1516 5207
1517 5208
1518 5209
1519 5210
1520 5211
1521 5212
1522 5213
1523 5214
1524 5215
1525 5216
1526 5217
1527 5218
1528 5219
1529 5220
1530 5221
1531 5222
1532 5223
1533 5224
1534 5225
1535 5226
1536 5227
1537 5228
1538 5229
1539 5230
1540 5231
1541 5232
1542 5233
1543 5234
1544 5235
1545 5236
1546 5237
1547 5238
1548 5239
1549 5240
1550 5241
1551 5242
1552 5243
1553 5244
1554 5245
1555 5246
1556 5247
1557 5248
1558 5249
1559 5250
1560 5251
1561 5252
1562 5253
1563 5254
1564 5255
1565 5256
1566 5257
1567 5258
1568 5259
1569 5260
1570 5261
1571 5262
1572 5263
1573 5264
1574 5265
1575 5266
1576 5267
1577 5268
1578 5269
1579 5270
1580 5271
1581 5272
1582 5273
1583 5274
1584 5275
1585 5276
1586 5277
1587 5278
1588 5279
1589 5280
1590 5281
1591 5282
1592 5283
1593 5284
1594 5285
1595 5286
1596 5287
1597 5288
1598 5289
1599 5290
1600 5291
1601 5292
1602 5293
1603 5294
1604 5295
1605 5296
1606 5297
1607 5298
1608 5299
1609 5300
1610 5301
1611 5302
1612 5303
1613 5304
1614 5305
1615 5306
1616 5307
1617 5309
1618 5310
1619 5311
1620 5312
1621 5313
1622 5314
1623 5315
1624 5316
1625 5317
1626 5318
1627 5319
1628 5320
1629 5322
1630 5325
1631 5326
1632 5327
1633 5328
1634 5329
1635 5330
1636 5331
1637 5332
1638 5333
1639 5334
1640 5335
1641 5336
1642 5337
1643 5338
1644 5339
1645 5340
1646 5341
1647 5342
1648 5343
1649 5344
1650 5345
1651 5346
1652 5348
1653 5349
1654 5350
1655 5351
1656 5352
1657 5353
1658 5354
1659 5355
1660 5356
1661 5357
1662 5358
1663 5359
1664 5360
1665 5361
1666 5362
1667 5363
1668 5364
1669 5365
1670 5366
1671 5367
1672 5368
1673 5369
1674 5370
1675 5371
1676 5372
1677 5373
1678 5374
1679 5375
1680 5376
1681 5377
1682 5378
1683 5379
1684 5380
1685 5381
1686 5382
1687 5383
1688 5384
1689 5385
1690 5386
1691 5387
1692 5388
1693 5389
1694 5390
1695 5393
1696 5394
1697 5395
1698 5396
1699 5397
1700 5398
1701 5399
1702 5400
1703 5401
1704 5402
1705 5403
1706 5404
1707 5405
1708 5406
1709 5407
1710 5408
1711 5409
1712 5410
1713 5411
1714 5412
1715 5413
1716 5414
1717 5415
1718 5416
1719 5417
1720 5418
1721 5419
1722 5420
1723 5423
1724 5424
1725 5425
1726 5427
1727 5428
1728 5429
1729 5430
1730 5431
1731 5434
1732 5435
1733 5436
1734 5437
1735 5438
1736 5439
1737 5440
1738 5441
1739 5442
1740 5443
1741 5444
1742 5445
1743 5446
1744 5447
1745 5448
1746 5449
1747 5450
1748 5451
1749 5452
1750 5454
1751 5455
1752 5456
1753 5457
1754 5458
1755 5459
1756 5460
1757 5461
1758 5462
1759 5463
1760 5464
1761 5465
1762 5466
1763 5467
1764 5468
1765 5469
1766 5470
1767 5471
1768 5472
1769 5473
1770 5474
1771 5475
1772 5476
1773 5477
1774 5478
1775 5479
1776 5480
1777 5481
1778 5482
1779 5483
1780 5484
1781 5485
1782 5486
1783 5487
1784 5488
1785 5489
1786 5490
1787 5492
1788 5495
1789 5496
1790 5497
1791 5498
1792 5499
1793 5500
1794 5501
1795 5502
1796 5503
1797 5504
1798 5505
1799 5506
1800 5507
1801 5508
1802 5509
1803 5512
1804 5513
1805 5514
1806 5515
1807 5516
1808 5517
1809 5519
1810 5520
1811 5521
1812 5522
1813 5523
1814 5524
1815 5525
1816 5526
1817 5527
1818 5528
1819 5529
1820 5530
1821 5531
1822 5532
1823 5533
1824 5534
1825 5535
1826 5536
1827 5537
1828 5538
1829 5539
1830 5540
1831 5541
1832 5542
1833 5543
1834 5544
1835 5545
1836 5546
1837 5547
1838 5548
1839 5549
1840 5552
1841 5553
1842 5554
1843 5555
1844 5556
1845 5558
1846 5561
1847 5562
1848 5563
1849 5564
1850 5565
1851 5566
1852 5567
1853 5568
1854 5569
1855 5570
1856 5571
1857 5572
1858 5573
1859 5574
1860 5575
1861 5576
1862 5577
1863 5578
1864 5579
1865 5580
1866 5581
1867 5582
1868 5583
1869 5584
1870 5585
1871 5586
1872 5587
1873 5588
1874 5589
1875 5590
1876 5591
1877 5592
1878 5593
1879 5594
1880 5595
1881 5596
1882 5597
1883 5598
1884 5599
1885 5600
1886 5601
1887 5602
1888 5603
1889 5604
1890 5605
1891 5606
1892 5607
1893 5608
1894 5609
1895 5610
1896 5611
1897 5612
1898 5613
1899 5614
1900 5615
1901 5616
1902 5617
1903 5618
1904 5619
1905 5620
1906 5621
1907 5623
1908 5624
1909 5625
1910 5626
1911 5627
1912 5628
1913 5630
1914 5631
1915 5632
1916 5633
1917 5634
1918 5635
1919 5636
1920 5637
1921 5638
1922 5639
1923 5640
1924 5641
1925 5642
1926 5643
1927 5644
1928 5645
1929 5646
1930 5647
1931 5648
1932 5649
1933 5650
1934 5651
1935 5652
1936 5653
1937 5654
1938 5655
1939 5656
1940 5657
1941 5658
1942 5659
1943 5660
1944 5661
1945 5662
1946 5663
1947 5664
1948 5665
1949 5666
1950 5667
1951 5668
1952 5669
1953 5670
1954 5671
1955 5672
1956 5673
1957 5674
1958 5675
1959 5676
1960 5677
1961 5678
1962 5679
1963 5680
1964 5681
1965 5682
1966 5683
1967 5684
1968 5685
1969 5686
1970 5687
1971 5688
1972 5689
1973 5690
1974 5691
1975 5692
1976 5693
1977 5694
1978 5695
1979 5696
1980 5697
1981 5698
1982 5699
1983 5700
1984 5701
1985 5702
1986 5703
1987 5704
1988 5705
1989 5706
1990 5708
1991 5709
1992 5710
1993 5711
1994 5712
1995 5713
1996 5714
1997 5715
1998 5716
1999 5717
2000 5718
2001 5719
2002 5720
2003 5721
2004 5722
2005 5723
2006 5724
2007 5725
2008 5726
2009 5727
2010 5728
2011 5729
2012 5730
2013 5731
2014 5732
2015 5733
2016 5734
2017 5735
2018 5738
2019 5739
2020 5740
2021 5741
2022 5742
2023 5743
2024 5744
2025 5745
2026 5746
2027 5747
2028 5748
2029 5749
2030 5750
2031 5751
2032 5752
2033 5753
2034 5754
2035 5755
2036 5756
2037 5757
2038 5758
2039 5759
2040 5760
2041 5761
2042 5762
2043 5763
2044 5764
2045 5765
2046 5766
2047 5767
2048 5768
2049 5769
2050 5770
2051 5771
2052 5772
2053 5773
2054 5774
2055 5775
2056 5776
2057 5777
2058 5778
2059 5779
2060 5780
2061 5781
2062 5782
2063 5783
2064 5784
2065 5785
2066 5786
2067 5787
2068 5788
2069 5789
2070 5790
2071 5791
2072 5792
2073 5793
2074 5794
2075 5795
2076 5796
2077 5797
2078 5798
2079 5799
2080 5800
2081 5801
2082 5802
2083 5803
2084 5804
2085 5805
2086 5806
2087 5807
2088 5808
2089 5809
2090 5810
2091 5811
2092 5812
2093 5813
2094 5814
2095 5815
2096 5816
2097 5817
2098 5818
2099 5819
2100 5820
2101 5821
2102 5822
2103 5823
2104 5824
2105 5825
2106 5826
2107 5827
2108 5828
2109 5829
2110 5830
2111 5831
2112 5832
2113 5833
2114 5834
2115 5835
2116 5836
2117 5837
2118 5838
2119 5839
2120 5840
2121 5841
2122 5842
2123 5843
2124 5844
2125 5845
2126 5846
2127 5847
2128 5848
2129 5849
2130 5850
2131 5851
2132 5852
2133 5853
2134 5854
2135 5859
2136 5860
2137 5861
2138 5862
2139 5863
2140 5864
2141 5865
2142 5866
2143 5867
2144 5868
2145 5869
2146 5870
2147 5871
2148 5872
2149 5873
2150 5874
2151 5875
2152 5876
2153 5877
2154 5878
2155 5879
2156 5880
2157 5881
2158 5882
2159 5883
2160 5884
2161 5885
2162 5886
2163 5887
2164 5888
2165 5889
2166 5890
2167 5891
2168 5892
2169 5893
2170 5894
2171 5895
2172 5896
2173 5897
2174 5898
2175 5899
2176 5900
2177 5901
2178 5902
2179 5903
2180 5904
2181 5905
2182 5906
2183 5907
2184 5908
2185 5909
2186 5910
2187 5911
2188 5912
2189 5913
2190 5914
2191 5915
2192 5916
2193 5917
2194 5918
2195 5919
2196 5920
2197 5921
2198 5922
2199 5923
2200 5924
2201 5927
2202 5928
2203 5934
2204 5935
2205 5936
2206 5937
2207 5938
2208 5939
2209 5940
2210 5941
2211 5942
2212 5943
2213 5944
2214 5945
2215 5946
2216 5947
2217 5948
2218 5949
2219 5950
2220 5951
2221 5952
2222 5953
2223 5954
2224 5955
2225 5956
2226 5957
2227 5958
2228 5959
2229 5960
2230 5961
2231 5962
2232 5963
2233 5964
2234 5965
2235 5966
2236 5967
2237 5968
2238 5969
2239 5970
2240 5971
2241 5973
2242 5974
2243 5975
2244 5976
2245 5977
2246 5978
2247 5979
2248 5980
2249 5981
2250 5982
2251 5983
2252 5984
2253 5985
2254 5986
2255 5987
2256 5988
2257 5989
2258 5990
2259 5991
2260 5992
2261 5993
2262 5994
2263 5995
2264 5996
2265 5997
2266 5998
2267 5999
2268 6001
2269 6002
2270 6003
2271 6004
2272 6005
2273 6006
2274 6007
2275 6008
2276 6009
2277 6010
2278 6011
2279 6012
2280 6013
2281 6014
2282 6015
2283 6019
2284 6020
2285 6021
2286 6022
2287 6023
2288 6024
2289 6025
2290 6026
2291 6027
2292 6028
2293 6029
2294 6030
2295 6031
2296 6032
2297 6033
2298 6034
2299 6035
2300 6036
2301 6037
2302 6038
2303 6039
2304 6043
2305 6044
2306 6047
2307 6048
2308 6049
2309 6050
2310 6051
2311 6052
2312 6053
2313 6054
2314 6055
2315 6056
2316 6063
2317 6064
2318 6065
2319 6066
2320 6067
2321 6068
2322 6069
2323 6070
2324 6071
2325 6072
2326 6073
2327 6074
2328 6075
2329 6076
2330 6077
2331 6078
2332 6079
2333 6080
2334 6081
2335 6082
2336 6083
2337 6084
2338 6086
2339 6088
2340 6093
2341 6094
2342 6096
2343 6097
2344 6098
2345 6099
2346 6100
2347 6101
2348 6102
2349 6103
2350 6104
2351 6105
2352 6106
2353 6107
2354 6108
2355 6110
2356 6111
2357 6112
2358 6113
2359 6114
2360 6115
2361 6116
2362 6117
2363 6118
2364 6119
2365 6120
2366 6121
2367 6122
2368 6123
2369 6124
2370 6125
2371 6126
2372 6128
2373 6129
2374 6130
2375 6131
2376 6132
2377 6133
2378 6134
2379 6136
2380 6137
2381 6138
2382 6139
2383 6140
2384 6141
2385 6142
2386 6143
2387 6144
2388 6145
2389 6146
2390 6147
2391 6148
2392 6149
2393 6150
2394 6151
2395 6152
2396 6153
2397 6155
2398 6156
2399 6157
2400 6158
2401 6159
2402 6160
2403 6161
2404 6163
2405 6164
2406 6165
2407 6166
2408 6167
2409 6168
2410 6169
2411 6170
2412 6171
2413 6172
2414 6173
2415 6174
2416 6175
2417 6176
2418 6177
2419 6178
2420 6179
2421 6180
2422 6181
2423 6182
2424 6183
2425 6184
2426 6185
2427 6186
2428 6187
2429 6188
2430 6189
2431 6191
2432 6192
2433 6193
2434 6194
2435 6195
2436 6196
2437 6197
2438 6198
2439 6199
2440 6200
2441 6201
2442 6202
2443 6203
2444 6204
2445 6205
2446 6206
2447 6207
2448 6208
2449 6209
2450 6211
2451 6212
2452 6213
2453 6214
2454 6215
2455 6216
2456 6219
2457 6221
2458 6222
2459 6223
2460 6224
2461 6225
2462 6226
2463 6227
2464 6228
2465 6229
2466 6230
2467 6231
2468 6232
2469 6233
2470 6234
2471 6235
2472 6236
2473 6237
2474 6238
2475 6239
2476 6240
2477 6241
2478 6242
2479 6243
2480 6244
2481 6245
2482 6246
2483 6247
2484 6248
2485 6249
2486 6250
2487 6251
2488 6252
2489 6253
2490 6254
2491 6255
2492 6256
2493 6257
2494 6258
2495 6259
2496 6260
2497 6261
2498 6262
2499 6263
2500 6264
2501 6265
2502 6266
2503 6267
2504 6268
2505 6269
2506 6270
2507 6271
2508 6272
2509 6273
2510 6274
2511 6275
2512 6276
2513 6277
2514 6278
2515 6279
2516 6280
2517 6281
2518 6285
2519 6288
2520 6289
2521 6290
2522 6291
2523 6292
2524 6293
2525 6294
2526 6297
2527 6298
2528 6299
2529 6300
2530 6301
2531 6302
2532 6303
2533 6304
2534 6305
2535 6306
2536 6308
2537 6309
2538 6310
2539 6311
2540 6312
2541 6313
2542 6314
2543 6315
2544 6316
2545 6317
2546 6318
2547 6319
2548 6320
2549 6321
2550 6322
2551 6323
2552 6324
2553 6325
2554 6326
2555 6327
2556 6328
2557 6329
2558 6330
2559 6332
2560 6333
2561 6334
2562 6335
2563 6336
2564 6337
2565 6338
2566 6339
2567 6340
2568 6341
2569 6342
2570 6343
2571 6344
2572 6345
2573 6346
2574 6347
2575 6348
2576 6349
2577 6350
2578 6351
2579 6353
2580 6354
2581 6355
2582 6356
2583 6357
2584 6358
2585 6359
2586 6360
2587 6361
2588 6362
2589 6363
2590 6364
2591 6365
2592 6366
2593 6367
2594 6368
2595 6369
2596 6370
2597 6371
2598 6372
2599 6373
2600 6374
2601 6375
2602 6377
2603 6378
2604 6379
2605 6380
2606 6381
2607 6382
2608 6383
2609 6384
2610 6385
2611 6386
2612 6387
2613 6388
2614 6389
2615 6390
2616 6393
2617 6394
2618 6395
2619 6396
2620 6398
2621 6399
2622 6400
2623 6401
2624 6403
2625 6404
2626 6405
2627 6406
2628 6407
2629 6408
2630 6409
2631 6410
2632 6411
2633 6412
2634 6413
2635 6414
2636 6415
2637 6416
2638 6417
2639 6418
2640 6419
2641 6420
2642 6421
2643 6422
2644 6423
2645 6424
2646 6425
2647 6426
2648 6427
2649 6428
2650 6429
2651 6430
2652 6431
2653 6432
2654 6433
2655 6434
2656 6435
2657 6436
2658 6437
2659 6438
2660 6439
2661 6440
2662 6441
2663 6442
2664 6443
2665 6444
2666 6445
2667 6446
2668 6447
2669 6448
2670 6449
2671 6450
2672 6451
2673 6452
2674 6453
2675 6454
2676 6455
2677 6456
2678 6457
2679 6458
2680 6459
2681 6460
2682 6461
2683 6462
2684 6467
2685 6468
2686 6469
2687 6470
2688 6471
2689 6472
2690 6473
2691 6474
2692 6475
2693 6476
2694 6477
2695 6478
2696 6479
2697 6480
2698 6481
2699 6482
2700 6483
2701 6484
2702 6485
2703 6486
2704 6487
2705 6488
2706 6489
2707 6490
2708 6491
2709 6492
2710 6493
2711 6494
2712 6495
2713 6496
2714 6497
2715 6498
2716 6499
2717 6500
2718 6501
2719 6502
2720 6503
2721 6504
2722 6505
2723 6506
2724 6507
2725 6508
2726 6509
2727 6510
2728 6511
2729 6512
2730 6513
2731 6514
2732 6515
2733 6516
2734 6517
2735 6518
2736 6519
2737 6520
2738 6521
2739 6522
2740 6523
2741 6524
2742 6525
2743 6526
2744 6527
2745 6528
2746 6529
2747 6530
2748 6531
2749 6532
2750 6533
2751 6534
2752 6535
2753 6536
2754 6537
2755 6538
2756 6539
2757 6540
2758 6541
2759 6542
2760 6543
2761 6544
2762 6545
2763 6546
2764 6547
2765 6549
2766 6551
2767 6552
2768 6553
2769 6554
2770 6555
2771 6559
2772 6560
2773 6561
2774 6562
2775 6563
2776 6564
2777 6565
2778 6566
2779 6567
2780 6568
2781 6569
2782 6570
2783 6571
2784 6572
2785 6573
2786 6574
2787 6576
2788 6579
2789 6580
2790 6581
2791 6583
2792 6584
2793 6585
2794 6586
2795 6587
2796 6588
2797 6589
2798 6590
2799 6591
2800 6592
2801 6593
2802 6594
2803 6595
2804 6596
2805 6597
2806 6598
2807 6599
2808 6600
2809 6606
2810 6607
2811 6608
2812 6609
2813 6610
2814 6611
2815 6617
2816 6618
2817 6619
2818 6620
2819 6621
2820 6622
2821 6625
2822 6626
2823 6627
2824 6628
2825 6629
2826 6630
2827 6631
2828 6632
2829 6633
2830 6634
2831 6635
2832 6636
2833 6637
2834 6638
2835 6639
2836 6640
2837 6641
2838 6642
2839 6643
2840 6644
2841 6645
2842 6646
2843 6647
2844 6648
2845 6649
2846 6650
2847 6651
2848 6652
2849 6653
2850 6654
2851 6655
2852 6656
2853 6657
2854 6658
2855 6659
2856 6660
2857 6661
2858 6662
2859 6664
2860 6665
2861 6666
2862 6667
2863 6668
2864 6669
2865 6670
2866 6671
2867 6672
2868 6673
2869 6674
2870 6675
2871 6677
2872 6678
2873 6679
2874 6680
2875 6681
2876 6682
2877 6683
2878 6684
2879 6685
2880 6686
2881 6687
2882 6688
2883 6689
2884 6690
2885 6691
2886 6693
2887 6695
2888 6696
2889 6697
2890 6698
2891 6699
2892 6701
2893 6702
2894 6703
2895 6705
2896 6706
2897 6707
2898 6708
2899 6709
2900 6710
2901 6711
2902 6712
2903 6713
2904 6714
2905 6715
2906 6716
2907 6717
2908 6718
2909 6719
2910 6720
2911 6721
2912 6722
2913 6723
2914 6724
2915 6725
2916 6726
2917 6733
2918 6734
2919 6735
2920 6736
2921 6737
2922 6739
2923 6742
2924 6743
2925 6746
2926 6748
2927 6749
2928 6750
2929 6751
2930 6752
2931 6753
2932 6755
2933 6757
2934 6758
2935 6759
2936 6760
2937 6761
2938 6762
2939 6763
2940 6765
2941 6766
2942 6768
2943 6769
2944 6770
2945 6771
2946 6772
2947 6773
2948 6774
2949 6775
2950 6776
2951 6777
2952 6778
2953 6779
2954 6780
2955 6781
2956 6782
2957 6783
2958 6784
2959 6785
2960 6786
2961 6788
2962 6789
2963 6790
2964 6791
2965 6792
2966 6793
2967 6797
2968 6799
2969 6800
2970 6801
2971 6802
2972 6803
2973 6804
2974 6805
2975 6808
2976 6809
2977 6811
2978 6813
2979 6814
2980 6816
2981 6817
2982 6821
2983 6825
2984 6826
2985 6827
2986 6828
2987 6829
2988 6830
2989 6831
2990 6832
2991 6833
2992 6834
2993 6835
2994 6836
2995 6837
2996 6838
2997 6839
2998 6840
2999 6842
3000 6844
3001 6845
3002 6846
3003 6848
3004 6854
3005 6855
3006 6856
3007 6857
3008 6858
3009 6859
3010 6860
3011 6861
3012 6863
3013 6864
3014 6865
3015 6866
3016 6867
3017 6868
3018 6869
3019 6870
3020 6871
3021 6872
3022 6873
3023 6874
3024 6875
3025 6876
3026 6877
3027 6878
3028 6879
3029 6880
3030 6881
3031 6882
3032 6883
3033 6884
3034 6886
3035 6887
3036 6888
3037 6889
3038 6890
3039 6891
3040 6892
3041 6893
3042 6894
3043 6895
3044 6896
3045 6897
3046 6898
3047 6899
3048 6901
3049 6902
3050 6903
3051 6904
3052 6905
3053 6906
3054 6908
3055 6916
3056 6917
3057 6919
3058 6920
3059 6921
3060 6922
3061 6923
3062 6924
3063 6925
3064 6926
3065 6927
3066 6928
3067 6929
3068 6930
3069 6931
3070 6932
3071 6933
3072 6934
3073 6935
3074 6936
3075 6937
3076 6938
3077 6939
3078 6940
3079 6941
3080 6942
3081 6943
3082 6944
3083 6945
3084 6946
3085 6948
3086 6949
3087 6950
3088 6951
3089 6952
3090 6953
3091 6954
3092 6955
3093 6956
3094 6957
3095 6959
3096 6960
3097 6965
3098 6967
3099 6968
3100 6969
3101 6970
3102 6971
3103 6972
3104 6973
3105 6974
3106 6975
3107 6976
3108 6977
3109 6978
3110 6979
3111 6980
3112 6981
3113 6982
3114 6983
3115 6984
3116 6985
3117 6991
3118 6992
3119 6993
3120 6994
3121 6995
3122 6996
3123 6997
3124 7000
3125 7001
3126 7002
3127 7003
3128 7004
3129 7006
3130 7007
3131 7008
3132 7009
3133 7010
3134 7011
3135 7012
3136 7013
3137 7014
3138 7015
3139 7016
3140 7017
3141 7018
3142 7019
3143 7021
3144 7026
3145 7027
3146 7028
3147 7029
3148 7030
3149 7032
3150 7033
3151 7034
3152 7035
3153 7036
3154 7037
3155 7038
3156 7039
3157 7040
3158 7041
3159 7042
3160 7043
3161 7044
3162 7045
3163 7046
3164 7049
3165 7050
3166 7051
3167 7052
3168 7062
3169 7063
3170 7067
3171 7068
3172 7069
3173 7072
3174 7073
3175 7074
3176 7075
3177 7076
3178 7077
3179 7078
3180 7079
3181 7080
3182 7081
3183 7082
3184 7083
3185 7084
3186 7085
3187 7086
3188 7087
3189 7088
3190 7089
3191 7090
3192 7091
3193 7092
3194 7093
3195 7094
3196 7095
3197 7096
3198 7097
3199 7098
3200 7099
3201 7100
3202 7101
3203 7102
3204 7103
3205 7104
3206 7105
3207 7109
3208 7110
3209 7111
3210 7112
3211 7113
3212 7114
3213 7116
3214 7117
3215 7118
3216 7119
3217 7120
3218 7121
3219 7122
3220 7123
3221 7124
3222 7125
3223 7126
3224 7128
3225 7130
3226 7131
3227 7132
3228 7133
3229 7134
3230 7135
3231 7136
3232 7137
3233 7138
3234 7139
3235 7140
3236 7141
3237 7142
3238 7143
3239 7144
3240 7145
3241 7146
3242 7148
3243 7151
3244 7154
3245 7155
3246 7157
3247 7158
3248 7159
3249 7160
3250 7161
3251 7163
3252 7164
3253 7165
3254 7166
3255 7167
3256 7168
3257 7169
3258 7170
3259 7171
3260 7174
3261 7175
3262 7176
3263 7177
3264 7178
3265 7182
3266 7183
3267 7184
3268 7185
3269 7186
3270 7187
3271 7188
3272 7189
3273 7191
3274 7192
3275 7193
3276 7194
3277 7196
3278 7197
3279 7198
3280 7200
3281 7201
3282 7202
3283 7203
3284 7204
3285 7206
3286 7207
3287 7208
3288 7209
3289 7210
3290 7211
3291 7212
3292 7213
3293 7214
3294 7215
3295 7216
3296 7217
3297 7219
3298 7220
3299 7222
3300 7224
3301 7225
3302 7228
3303 7229
3304 7230
3305 7231
3306 7235
3307 7239
3308 7240
3309 7244
3310 7245
3311 7246
3312 7247
3313 7248
3314 7249
3315 7250
3316 7252
3317 7254
3318 7255
3319 7257
3320 7258
3321 7260
3322 7261
3323 7262
3324 7273
3325 7274
3326 7275
3327 7276
3328 7277
3329 7278
3330 7286
3331 7287
3332 7288
3333 7289
3334 7290
3335 7292
3336 7300
3337 7305
3338 7307
3339 7308
3340 7311
3341 7312
3342 7313
3343 7314
3344 7315
3345 7316
3346 7317
3347 7318
3348 7319
3349 7320
3350 7322
3351 7323
3352 7324
3353 7325
3354 7326
3355 7327
3356 7328
3357 7329
3358 7330
3359 7331
3360 7332
3361 7333
3362 7334
3363 7335
3364 7336
3365 7337
3366 7338
3367 7339
3368 7340
3369 7341
3370 7342
3371 7343
3372 7344
3373 7345
3374 7346
3375 7347
3376 7348
3377 7349
3378 7350
3379 7351
3380 7352
3381 7353
3382 7354
3383 7355
3384 7356
3385 7357
3386 7358
3387 7359
3388 7360
3389 7361
3390 7362
3391 7363
3392 7364
3393 7365
3394 7366
3395 7367
3396 7368
3397 7369
3398 7370
3399 7371
3400 7372
3401 7373
3402 7374
3403 7375
3404 7376
3405 7377
3406 7378
3407 7379
3408 7380
3409 7381
3410 7384
3411 7385
3412 7386
3413 7387
3414 7389
3415 7390
3416 7391
3417 7392
3418 7394
3419 7395
3420 7396
3421 7397
3422 7398
3423 7399
3424 7400
3425 7401
3426 7402
3427 7403
3428 7404
3429 7405
3430 7406
3431 7407
3432 7408
3433 7409
3434 7410
3435 7411
3436 7412
3437 7413
3438 7414
3439 7415
3440 7416
3441 7417
3442 7418
3443 7419
3444 7420
3445 7421
3446 7422
3447 7423
3448 7424
3449 7425
3450 7426
3451 7427
3452 7428
3453 7429
3454 7430
3455 7431
3456 7432
3457 7433
3458 7434
3459 7435
3460 7436
3461 7437
3462 7438
3463 7439
3464 7440
3465 7441
3466 7442
3467 7443
3468 7444
3469 7445
3470 7446
3471 7447
3472 7448
3473 7449
3474 7450
3475 7451
3476 7452
3477 7453
3478 7454
3479 7455
3480 7456
3481 7457
3482 7458
3483 7460
3484 7461
3485 7462
3486 7463
3487 7464
3488 7465
3489 7466
3490 7467
3491 7468
3492 7471
3493 7472
3494 7473
3495 7474
3496 7475
3497 7476
3498 7477
3499 7478
3500 7480
3501 7481
3502 7484
3503 7485
3504 7486
3505 7487
3506 7488
3507 7497
3508 7498
3509 7499
3510 7501
3511 7502
3512 7503
3513 7504
3514 7505
3515 7506
3516 7507
3517 7513
3518 7514
3519 7515
3520 7516
3521 7517
3522 7521
3523 7523
3524 7526
3525 7530
3526 7531
3527 7532
3528 7534
3529 7537
3530 7538
3531 7539
3532 7540
3533 7542
3534 7543
3535 7544
3536 7545
3537 7546
3538 7547
3539 7548
3540 7550
3541 7551
3542 7552
3543 7553
3544 7555
3545 7556
3546 7566
3547 7570
3548 7571
3549 7573
3550 7577
3551 7579
3552 7581
3553 7583
3554 7584
3555 7585
3556 7586
3557 7587
3558 7588
3559 7589
3560 7591
3561 7592
3562 7593
3563 7594
3564 7595
3565 7596
3566 7598
3567 7600
3568 7601
3569 7602
3570 7604
3571 7605
3572 7606
3573 7608
3574 7609
3575 7610
3576 7611
3577 7613
3578 7614
3579 7616
3580 7618
3581 7620
3582 7621
3583 7622
3584 7623
3585 7624
3586 7625
3587 7626
3588 7627
3589 7628
3590 7629
3591 7630
3592 7631
3593 7632
3594 7633
3595 7634
3596 7635
3597 7636
3598 7637
3599 7638
3600 7639
3601 7640
3602 7641
3603 7642
3604 7643
3605 7645
3606 7647
3607 7648
3608 7649
3609 7650
3610 7651
3611 7652
3612 7653
3613 7654
3614 7655
3615 7656
3616 7657
3617 7662
3618 7663
3619 7664
3620 7665
3621 7666
3622 7667
3623 7668
3624 7669
3625 7670
3626 7671
3627 7672
3628 7673
3629 7674
3630 7675
3631 7676
3632 7677
3633 7678
3634 7679
3635 7680
3636 7681
3637 7682
3638 7683
3639 7684
3640 7685
3641 7686
3642 7687
3643 7688
3644 7689
3645 7690
3646 7691
3647 7692
3648 7693
3649 7694
3650 7695
3651 7696
3652 7698
3653 7699
3654 7700
3655 7701
3656 7702
3657 7703
3658 7704
3659 7705
3660 7706
3661 7707
3662 7708
3663 7715
3664 7718
3665 7720
3666 7725
3667 7726
3668 7727
3669 7728
3670 7730
3671 7731
3672 7732
3673 7733
3674 7734
3675 7736
3676 7739
3677 7740
3678 7741
3679 7743
3680 7745
3681 7746
3682 7747
3683 7748
3684 7750
3685 7751
3686 7752
3687 7753
3688 7754
3689 7755
3690 7756
3691 7757
3692 7758
3693 7759
3694 7760
3695 7761
3696 7762
3697 7763
3698 7764
3699 7765
3700 7766
3701 7767
3702 7769
3703 7770
3704 7771
3705 7772
3706 7773
3707 7774
3708 7775
3709 7776
3710 7777
3711 7778
3712 7779
3713 7780
3714 7781
3715 7782
3716 7783
3717 7784
3718 7785
3719 7786
3720 7787
3721 7788
3722 7789
3723 7790
3724 7791
3725 7792
3726 7793
3727 7795
3728 7796
3729 7797
3730 7798
3731 7799
3732 7800
3733 7803
3734 7804
3735 7805
3736 7807
3737 7808
3738 7809
3739 7810
3740 7811
3741 7812
3742 7813
3743 7815
3744 7816
3745 7817
3746 7818
3747 7819
3748 7820
3749 7821
3750 7822
3751 7823
3752 7824
3753 7830
3754 7831
3755 7832
3756 7833
3757 7837
3758 7838
3759 7839
3760 7840
3761 7841
3762 7842
3763 7843
3764 7844
3765 7846
3766 7847
3767 7848
3768 7849
3769 7853
3770 7854
3771 7855
3772 7858
3773 7860
3774 7861
3775 7862
3776 7864
3777 7865
3778 7867
3779 7868
3780 7869
3781 7870
3782 7871
3783 7872
3784 7873
3785 7874
3786 7875
3787 7876
3788 7878
3789 7879
3790 7880
3791 7881
3792 7882
3793 7883
3794 7884
3795 7885
3796 7887
3797 7889
3798 7892
3799 7893
3800 7895
3801 7896
3802 7899
3803 7900
3804 7901
3805 7902
3806 7903
3807 7904
3808 7905
3809 7906
3810 7910
3811 7911
3812 7912
3813 7913
3814 7915
3815 7916
3816 7919
3817 7921
3818 7922
3819 7923
3820 7925
3821 7926
3822 7927
3823 7928
3824 7930
3825 7932
3826 7933
3827 7938
3828 7939
3829 7942
3830 7944
3831 7945
3832 7946
3833 7948
3834 7949
3835 7950
3836 7951
3837 7952
3838 7953
3839 7954
3840 7955
3841 7956
3842 7957
3843 7958
3844 7959
3845 7960
3846 7962
3847 7964
3848 7966
3849 7967
3850 7968
3851 7969
3852 7971
3853 7972
3854 7974
3855 7975
3856 7976
3857 7978
3858 7979
3859 7983
3860 7984
3861 7985
3862 7986
3863 7987
3864 7988
3865 7991
3866 7992
3867 7993
3868 7994
3869 7995
3870 7996
3871 7997
3872 7998
3873 8000
3874 8001
3875 8002
3876 8003
3877 8005
3878 8006
3879 8007
3880 8008
3881 8009
3882 8010
3883 8011
3884 8012
3885 8014
3886 8015
3887 8016
3888 8017
3889 8018
3890 8020
3891 8021
3892 8022
3893 8023
3894 8024
3895 8025
3896 8026
3897 8027
3898 8028
3899 8029
3900 8030
3901 8032
3902 8034
3903 8035
3904 8036
3905 8037
3906 8038
3907 8039
3908 8040
3909 8041
3910 8042
3911 8043
3912 8044
3913 8045
3914 8046
3915 8047
3916 8048
3917 8049
3918 8050
3919 8051
3920 8052
3921 8054
3922 8055
3923 8056
3924 8057
3925 8059
3926 8060
3927 8061
3928 8062
3929 8063
3930 8065
3931 8066
3932 8067
3933 8068
3934 8069
3935 8070
3936 8071
3937 8072
3938 8073
3939 8074
3940 8075
3941 8077
3942 8079
3943 8080
3944 8081
3945 8082
3946 8084
3947 8087
3948 8089
3949 8090
3950 8091
3951 8092
3952 8093
3953 8094
3954 8095
3955 8096
3956 8097
3957 8098
3958 8104
3959 8105
3960 8106
3961 8107
3962 8108
3963 8109
3964 8110
3965 8112
3966 8115
3967 8119
3968 8120
3969 8121
3970 8125
3971 8126
3972 8127
3973 8128
3974 8130
3975 8131
3976 8133
3977 8134
3978 8139
3979 8140
3980 8141
3981 8142
3982 8143
3983 8145
3984 8146
3985 8147
3986 8148
3987 8149
3988 8151
3989 8153
3990 8154
3991 8156
3992 8157
3993 8159
3994 8160
3995 8161
