1 2458
2 2459
3 2460
4 2461
5 2462
6 2463
7 2464
8 2467
9 2470
10 2471
11 2472
12 2473
13 2474
14 2475
15 2476
16 2477
17 2478
18 2479
19 2480
20 2481
21 2483
22 2484
23 2486
24 2487
25 2488
26 2489
27 2490
28 2491
29 2492
30 2493
31 2494
32 2495
33 2496
34 2500
35 2501
36 2503
37 2504
38 2505
39 2509
40 2510
41 2511
42 2512
43 2513
44 2514
45 2515
46 2516
47 2517
48 2518
49 2519
50 2520
51 2521
52 2522
53 2523
54 2524
55 2525
56 2526
57 2527
58 2528
59 2529
60 2530
61 2531
62 2532
63 2533
64 2535
65 2538
66 2539
67 2540
68 2541
69 2542
70 2543
71 2544
72 2545
73 2547
74 2548
75 2549
76 2550
77 2551
78 2552
79 2553
80 2554
81 2555
82 2556
83 2557
84 2558
85 2559
86 2560
87 2561
88 2562
89 2563
90 2564
91 2565
92 2566
93 2567
94 2568
95 2569
96 2570
97 2571
98 2572
99 2573
100 2574
101 2575
102 2576
103 2577
104 2578
105 2579
106 2580
107 2581
108 2582
109 2583
110 2584
111 2585
112 2586
113 2588
114 2593
115 2595
116 2596
117 2598
118 2600
119 2601
120 2602
121 2603
122 2604
123 2605
124 2606
125 2607
126 2608
127 2609
128 2610
129 2612
130 2613
131 2614
132 2615
133 2616
134 2617
135 2618
136 2619
137 2620
138 2621
139 2622
140 2623
141 2624
142 2625
143 2626
144 2627
145 2629
146 2631
147 2634
148 2635
149 2638
150 2639
151 2640
152 2641
153 2642
154 2643
155 2644
156 2645
157 2646
158 2647
159 2648
160 2649
161 2650
162 2651
163 2652
164 2653
165 2654
166 2655
167 2656
168 2657
169 2658
170 2659
171 2660
172 2661
173 2663
174 2664
175 2665
176 2666
177 2667
178 2668
179 2669
180 2671
181 2676
182 2679
183 2680
184 2682
185 2684
186 2689
187 2690
188 2691
189 2692
190 2693
191 2696
192 2699
193 2702
194 2706
195 2710
196 2711
197 2712
198 2713
199 2715
200 2716
201 2717
202 2718
203 2719
204 2720
205 2721
206 2722
207 2723
208 2725
209 2726
210 2727
211 2728
212 2730
213 2732
214 2733
215 2734
216 2735
217 2736
218 2737
219 2738
220 2739
221 2740
222 2741
223 2743
224 2744
225 2745
226 2746
227 2747
228 2748
229 2749
230 2750
231 2753
232 2757
233 2758
234 2759
235 2760
236 2761
237 2762
238 2763
239 2764
240 2765
241 2766
242 2767
243 2769
244 2773
245 2774
246 2775
247 2776
248 2777
249 2778
250 2779
251 2781
252 2782
253 2783
254 2784
255 2790
256 2791
257 2792
258 2793
259 2794
260 2795
261 2796
262 2797
263 2798
264 2799
265 2800
266 2801
267 2803
268 2805
269 2806
270 2807
271 2808
272 2809
273 2810
274 2811
275 2812
276 2813
277 2814
278 2815
279 2816
280 2817
281 2818
282 2819
283 2820
284 2821
285 2822
286 2823
287 2824
288 2825
289 2826
290 2830
291 2831
292 2832
293 2836
294 2837
295 2838
296 2839
297 2840
298 2841
299 2842
300 2843
301 2844
302 2845
303 2846
304 2847
305 2848
306 2850
307 2851
308 2855
309 2856
310 2857
311 2858
312 2859
313 2860
314 2861
315 2862
316 2863
317 2864
318 2865
319 2866
320 2867
321 2868
322 2869
323 2871
324 2874
325 2875
326 2876
327 2877
328 2878
329 2879
330 2880
331 2881
332 2882
333 2883
334 2884
335 2885
336 2886
337 2887
338 2888
339 2889
340 2890
341 2891
342 2892
343 2893
344 2894
345 2895
346 2896
347 2898
348 2900
349 2901
350 2902
351 2904
352 2905
353 2906
354 2907
355 2909
356 2910
357 2911
358 2912
359 2913
360 2914
361 2915
362 2916
363 2917
364 2918
365 2919
366 2920
367 2921
368 2922
369 2923
370 2924
371 2925
372 2926
373 2927
374 2928
375 2929
376 2930
377 2931
378 2932
379 2933
380 2934
381 2935
382 2936
383 2937
384 2938
385 2939
386 2940
387 2941
388 2942
389 2943
390 2944
391 2947
392 2948
393 2949
394 2950
395 2951
396 2952
397 2953
398 2954
399 2955
400 2956
401 2957
402 2958
403 2959
404 2960
405 2961
406 2962
407 2963
408 2964
409 2965
410 2966
411 2967
412 2968
413 2970
414 2971
415 2972
416 2973
417 2974
418 2975
419 2976
420 2977
421 2978
422 2979
423 2980
424 2981
425 2982
426 2983
427 2984
428 2985
429 2986
430 2987
431 2988
432 2989
433 2990
434 2991
435 2999
436 3000
437 3001
438 3002
439 3003
440 3004
441 3006
442 3007
443 3008
444 3009
445 3010
446 3011
447 3012
448 3013
449 3015
450 3016
451 3021
452 3022
453 3023
454 3024
455 3025
456 3026
457 3027
458 3028
459 3029
460 3030
461 3031
462 3032
463 3033
464 3034
465 3035
466 3036
467 3037
468 3038
469 3039
470 3045
471 3046
472 3047
473 3048
474 3049
475 3050
476 3051
477 3052
478 3053
479 3054
480 3056
481 3057
482 3058
483 3059
484 3060
485 3061
486 3062
487 3064
488 3065
489 3066
490 3067
491 3068
492 3069
493 3070
494 3071
495 3072
496 3074
497 3075
498 3076
499 3077
500 3081
501 3082
502 3083
503 3084
504 3085
505 3086
506 3087
507 3088
508 3089
509 3090
510 3091
511 3092
512 3093
513 3094
514 3095
515 3096
516 3097
517 3098
518 3099
519 3100
520 3101
521 3103
522 3105
523 3106
524 3107
525 3108
526 3109
527 3110
528 3111
529 3112
530 3113
531 3114
532 3115
533 3116
534 3117
535 3118
536 3119
537 3120
538 3121
539 3122
540 3123
541 3124
542 3125
543 3126
544 3127
545 3128
546 3129
547 3130
548 3131
549 3132
550 3135
551 3136
552 3137
553 3138
554 3139
555 3140
556 3141
557 3142
558 3143
559 3144
560 3145
561 3146
562 3147
563 3148
564 3149
565 3150
566 3151
567 3152
568 3153
569 3154
570 3155
571 3156
572 3157
573 3159
574 3160
575 3161
576 3162
577 3163
578 3164
579 3165
580 3166
581 3167
582 3168
583 3169
584 3170
585 3171
586 3172
587 3173
588 3174
589 3175
590 3176
591 3177
592 3178
593 3179
594 3180
595 3181
596 3182
597 3183
598 3185
599 3186
600 3187
601 3188
602 3189
603 3190
604 3192
605 3193
606 3194
607 3195
608 3196
609 3197
610 3198
611 3199
612 3200
613 3201
614 3202
615 3203
616 3204
617 3205
618 3206
619 3207
620 3208
621 3209
622 3210
623 3211
624 3212
625 3213
626 3214
627 3215
628 3216
629 3217
630 3218
631 3219
632 3220
633 3221
634 3222
635 3223
636 3224
637 3225
638 3226
639 3227
640 3228
641 3229
642 3230
643 3231
644 3232
645 3233
646 3234
647 3235
648 3236
649 3237
650 3238
651 3239
652 3240
653 3241
654 3242
655 3243
656 3244
657 3245
658 3246
659 3247
660 3248
661 3249
662 3250
663 3251
664 3252
665 3255
666 3257
667 3258
668 3259
669 3260
670 3261
671 3262
672 3263
673 3264
674 3265
675 3266
676 3267
677 3268
678 3269
679 3270
680 3271
681 3272
682 3273
683 3274
684 3275
685 3276
686 3277
687 3280
688 3281
689 3282
690 3283
691 3284
692 3285
693 3286
694 3287
695 3288
696 3289
697 3290
698 3291
699 3292
700 3293
701 3294
702 3295
703 3296
704 3297
705 3298
706 3299
707 3300
708 3301
709 3302
710 3303
711 3304
712 3305
713 3306
714 3307
715 3308
716 3309
717 3310
718 3311
719 3312
720 3313
721 3314
722 3315
723 3316
724 3317
725 3318
726 3319
727 3320
728 3321
729 3322
730 3323
731 3324
732 3325
733 3326
734 3327
735 3328
736 3329
737 3330
738 3331
739 3332
740 3333
741 3334
742 3335
743 3336
744 3337
745 3338
746 3339
747 3340
748 3341
749 3342
750 3343
751 3344
752 3345
753 3346
754 3347
755 3348
756 3349
757 3350
758 3351
759 3352
760 3353
761 3354
762 3355
763 3356
764 3357
765 3358
766 3359
767 3360
768 3361
769 3363
770 3364
771 3365
772 3366
773 3367
774 3368
775 3369
776 3370
777 3371
778 3372
779 3373
780 3374
781 3375
782 3376
783 3377
784 3378
785 3379
786 3381
787 3382
788 3383
789 3384
790 3385
791 3386
792 3387
793 3388
794 3389
795 3390
796 3391
797 3392
798 3393
799 3394
800 3395
801 3396
802 3397
803 3398
804 3399
805 3400
806 3403
807 3404
808 3405
809 3406
810 3407
811 3408
812 3409
813 3410
814 3411
815 3412
816 3413
817 3414
818 3415
819 3416
820 3417
821 3418
822 3419
823 3420
824 3421
825 3423
826 3424
827 3425
828 3426
829 3427
830 3428
831 3430
832 3431
833 3432
834 3433
835 3434
836 3435
837 3436
838 3437
839 3438
840 3439
841 3440
842 3441
843 3442
844 3443
845 3444
846 3445
847 3446
848 3447
849 3448
850 3449
851 3450
852 3451
853 3452
854 3453
855 3454
856 3455
857 3456
858 3457
859 3458
860 3459
861 3460
862 3461
863 3462
864 3463
865 3464
866 3465
867 3466
868 3467
869 3468
870 3469
871 3470
872 3471
873 3472
874 3473
875 3474
876 3475
877 3476
878 3477
879 3478
880 3479
881 3480
882 3481
883 3482
884 3483
885 3484
886 3485
887 3486
888 3487
889 3489
890 3490
891 3491
892 3492
893 3494
894 3495
895 3497
896 3498
897 3499
898 3500
899 3501
900 3502
901 3503
902 3504
903 3505
904 3506
905 3507
906 3508
907 3509
908 3510
909 3511
910 3512
911 3513
912 3514
913 3515
914 3516
915 3517
916 3518
917 3519
918 3520
919 3521
920 3522
921 3523
922 3524
923 3525
924 3526
925 3527
926 3528
927 3529
928 3530
929 3531
930 3532
931 3533
932 3534
933 3535
934 3536
935 3537
936 3538
937 3539
938 3540
939 3541
940 3542
941 3543
942 3544
943 3545
944 3546
945 3547
946 3548
947 3549
948 3550
949 3551
950 3552
951 3554
952 3555
953 3556
954 3557
955 3558
956 3559
957 3560
958 3561
959 3562
960 3563
961 3564
962 3568
963 3570
964 3571
965 3572
966 3573
967 3574
968 3575
969 3576
970 3577
971 3578
972 3579
973 3580
974 3581
975 3582
976 3583
977 3584
978 3585
979 3586
980 3587
981 3588
982 3589
983 3590
984 3591
985 3592
986 3593
987 3594
988 3595
989 3597
990 3598
991 3599
992 3601
993 3602
994 3603
995 3604
996 3605
997 3606
998 3607
999 3608
1000 3609
1001 3612
1002 3613
1003 3614
1004 3615
1005 3616
1006 3617
1007 3618
1008 3619
1009 3620
1010 3628
1011 3630
1012 3631
1013 3632
1014 3633
1015 3634
1016 3635
1017 3639
1018 3641
1019 3642
1020 3643
1021 3644
1022 3645
1023 3646
1024 3647
1025 3648
1026 3649
1027 3650
1028 3651
1029 3652
1030 3653
1031 3654
1032 3655
1033 3656
1034 3659
1035 3660
1036 3661
1037 3662
1038 3663
1039 3664
1040 3665
1041 3666
1042 3667
1043 3668
1044 3669
1045 3670
1046 3671
1047 3672
1048 3673
1049 3674
1050 3675
1051 3676
1052 3678
1053 3679
1054 3680
1055 3681
1056 3682
1057 3683
1058 3684
1059 3685
1060 3686
1061 3687
1062 3688
1063 3689
1064 3690
1065 3691
1066 3692
1067 3693
1068 3694
1069 3695
1070 3696
1071 3697
1072 3698
1073 3699
1074 3700
1075 3701
1076 3702
1077 3704
1078 3705
1079 3706
1080 3707
1081 3708
1082 3709
1083 3710
1084 3711
1085 3712
1086 3713
1087 3714
1088 3715
1089 3716
1090 3717
1091 3718
1092 3719
1093 3720
1094 3721
1095 3722
1096 3723
1097 3724
1098 3725
1099 3726
1100 3727
1101 3728
1102 3729
1103 3730
1104 3731
1105 3733
1106 3734
1107 3735
1108 3736
1109 3737
1110 3738
1111 3739
1112 3740
1113 3741
1114 3742
1115 3743
1116 3744
1117 3745
1118 3746
1119 3747
1120 3748
1121 3749
1122 3750
1123 3751
1124 3752
1125 3753
1126 3754
1127 3755
1128 3756
1129 3757
1130 3758
1131 3759
1132 3760
1133 3761
1134 3762
1135 3765
1136 3769
1137 3770
1138 3771
1139 3772
1140 3773
1141 3774
1142 3775
1143 3776
1144 3777
1145 3778
1146 3779
1147 3780
1148 3781
1149 3782
1150 3783
1151 3784
1152 3785
1153 3786
1154 3787
1155 3788
1156 3789
1157 3790
1158 3791
1159 3792
1160 3793
1161 3794
1162 3795
1163 3796
1164 3797
1165 3798
1166 3799
1167 3800
1168 3801
1169 3802
1170 3803
1171 3804
1172 3805
1173 3806
1174 3807
1175 3808
1176 3810
1177 3811
1178 3812
1179 3813
1180 3814
1181 3815
1182 3817
1183 3818
1184 3819
1185 3820
1186 3821
1187 3822
1188 3823
1189 3824
1190 3825
1191 3826
1192 3827
1193 3828
1194 3829
1195 3830
1196 3831
1197 3832
1198 3833
1199 3834
1200 3835
1201 3836
1202 3837
1203 3838
1204 3839
1205 3840
1206 3842
1207 3843
1208 3844
1209 3845
1210 3846
1211 3847
1212 3848
1213 3849
1214 3852
1215 3853
1216 3854
1217 3855
1218 3856
1219 3857
1220 3858
1221 3859
1222 3860
1223 3861
1224 3862
1225 3863
1226 3864
1227 3865
1228 3866
1229 3867
1230 3868
1231 3869
1232 3872
1233 3873
1234 3874
1235 3875
1236 3876
1237 3877
1238 3878
1239 3879
1240 3881
1241 3882
1242 3883
1243 3884
1244 3885
1245 3886
1246 3887
