1 3888
2 3890
3 3891
4 3894
5 3896
6 3897
7 3898
8 3899
9 3900
10 3901
11 3902
12 3903
13 3904
14 3905
15 3907
16 3908
17 3914
18 3915
19 3916
20 3917
21 3918
22 3919
23 3920
24 3922
25 3923
26 3924
27 3925
28 3926
29 3927
30 3928
31 3929
32 3930
33 3931
34 3933
35 3934
36 3935
37 3936
38 3937
39 3938
40 3939
41 3943
42 3944
43 3945
44 3946
45 3948
46 3950
47 3951
48 3952
49 3953
50 3954
51 3955
52 3956
53 3957
54 3958
55 3959
56 3962
57 3963
58 3966
59 3967
60 3970
61 3971
62 3974
63 3977
64 3978
65 3979
66 3980
67 3981
68 3982
69 3983
70 3985
71 3986
72 3988
73 3989
74 3990
75 3991
76 3992
77 3993
78 3994
79 3995
80 3997
81 3998
82 4001
83 4002
84 4003
85 4005
86 4006
87 4007
88 4008
89 4013
90 4014
91 4015
92 4016
93 4018
94 4019
95 4020
96 4021
97 4022
98 4023
99 4024
100 4025
101 4026
102 4027
103 4028
104 4029
105 4030
106 4031
107 4036
108 4037
109 4038
110 4039
111 4040
112 4041
113 4042
114 4043
115 4045
116 4046
117 4047
118 4048
119 4051
120 4052
121 4054
122 4056
123 4057
124 4058
125 4059
126 4060
127 4062
128 4063
129 4064
130 4065
131 4066
132 4067
133 4068
134 4069
135 4070
136 4071
137 4072
138 4074
139 4075
140 4076
141 4077
142 4078
143 4079
144 4080
145 4081
146 4082
147 4084
148 4086
149 4087
150 4088
151 4089
152 4090
153 4091
154 4092
155 4094
156 4095
157 4099
158 4100
159 4101
160 4102
161 4107
162 4109
163 4111
164 4112
165 4113
166 4114
167 4115
168 4117
169 4118
170 4119
171 4121
172 4122
173 4123
174 4124
175 4125
176 4126
177 4127
178 4128
179 4129
180 4130
181 4131
182 4132
183 4133
184 4134
185 4135
186 4136
187 4137
188 4138
189 4139
190 4140
191 4141
192 4142
193 4143
194 4144
195 4145
196 4146
197 4147
198 4148
199 4150
200 4153
201 4154
202 4155
203 4156
204 4158
205 4159
206 4160
207 4162
208 4163
209 4164
210 4165
211 4166
212 4167
213 4168
214 4169
215 4170
216 4171
217 4172
218 4173
219 4174
220 4175
221 4176
222 4177
223 4178
224 4179
225 4181
226 4182
227 4183
228 4184
229 4186
230 4187
231 4188
232 4189
233 4190
234 4191
235 4194
236 4199
237 4200
238 4201
239 4202
240 4203
241 4204
242 4205
243 4206
244 4207
245 4208
246 4210
247 4212
248 4213
249 4214
250 4215
251 4216
252 4218
253 4219
254 4221
255 4223
256 4224
257 4225
258 4226
259 4229
260 4230
261 4231
262 4232
263 4233
264 4234
265 4235
266 4236
267 4238
268 4239
269 4240
270 4242
271 4243
272 4244
273 4245
274 4246
275 4247
276 4248
277 4249
278 4250
279 4251
280 4252
281 4254
282 4255
283 4256
284 4257
285 4258
286 4259
287 4260
288 4261
289 4262
290 4263
291 4264
292 4265
293 4266
294 4267
295 4270
296 4271
297 4276
298 4277
299 4278
300 4281
301 4282
302 4284
303 4285
304 4287
305 4288
306 4289
307 4290
308 4292
309 4293
310 4294
311 4295
312 4296
313 4299
314 4300
315 4301
316 4302
317 4303
318 4304
319 4305
320 4306
321 4307
322 4310
323 4311
324 4312
325 4313
326 4314
327 4315
328 4316
329 4318
330 4319
331 4322
332 4323
333 4324
334 4325
335 4326
336 4327
337 4330
338 4331
339 4332
340 4333
341 4335
342 4337
343 4341
344 4342
345 4344
346 4345
347 4346
348 4348
349 4349
350 4350
351 4352
352 4354
353 4357
354 4360
355 4361
356 4362
357 4363
358 4365
359 4366
360 4367
361 4368
362 4369
363 4370
364 4372
365 4374
366 4376
367 4379
368 4380
369 4381
370 4382
371 4383
372 4384
373 4385
374 4386
375 4387
376 4388
377 4389
378 4390
379 4391
380 4392
381 4393
382 4396
383 4397
384 4398
385 4399
386 4400
387 4401
388 4402
389 4403
390 4404
391 4405
392 4406
393 4407
394 4408
395 4409
396 4410
397 4411
398 4412
399 4413
400 4414
401 4415
402 4416
403 4417
404 4419
405 4423
406 4424
407 4428
408 4430
409 4431
410 4432
411 4433
412 4434
413 4435
414 4436
415 4437
416 4438
417 4439
418 4440
419 4441
420 4443
421 4446
422 4447
423 4449
424 4451
425 4452
426 4453
427 4454
428 4455
429 4456
430 4457
431 4459
432 4461
433 4462
434 4464
435 4465
436 4466
437 4467
438 4468
439 4469
440 4470
441 4471
442 4472
443 4473
444 4474
445 4475
446 4476
447 4477
448 4478
449 4479
450 4480
451 4481
452 4482
453 4483
454 4485
455 4487
456 4488
457 4489
458 4490
459 4491
460 4492
461 4493
462 4494
463 4495
464 4496
465 4497
466 4501
467 4502
468 4511
469 4514
470 4515
471 4516
472 4517
473 4518
474 4519
475 4520
476 4521
477 4522
478 4523
479 4524
480 4525
481 4526
482 4527
483 4528
484 4529
485 4530
486 4531
487 4532
488 4533
489 4534
490 4535
491 4536
492 4537
493 4538
494 4541
495 4543
496 4545
497 4546
498 4547
499 4557
500 4558
501 4559
502 4560
503 4563
504 4564
505 4565
506 4566
507 4568
508 4570
509 4571
510 4572
511 4576
512 4579
513 4580
514 4581
515 4583
516 4584
517 4585
518 4587
519 4588
520 4590
521 4591
522 4592
523 4594
524 4595
525 4597
526 4598
527 4599
528 4600
529 4601
530 4602
531 4603
532 4604
533 4605
534 4606
535 4607
536 4608
537 4609
538 4610
539 4611
540 4612
541 4613
542 4614
543 4615
544 4616
545 4617
546 4618
547 4619
548 4621
549 4623
550 4624
551 4625
552 4626
553 4627
554 4628
555 4630
556 4631
557 4632
558 4635
559 4636
560 4637
561 4638
562 4639
563 4640
564 4641
565 4644
566 4646
567 4649
568 4650
569 4651
570 4652
571 4653
572 4654
573 4655
574 4656
575 4657
576 4658
577 4659
578 4660
579 4662
580 4663
581 4664
582 4665
583 4666
584 4667
585 4668
586 4669
587 4670
588 4671
589 4674
590 4675
591 4676
592 4677
593 4683
594 4685
595 4686
596 4687
597 4688
598 4689
599 4690
600 4692
601 4693
602 4694
603 4695
604 4696
605 4697
606 4698
607 4700
608 4701
609 4702
610 4703
611 4705
612 4707
613 4709
614 4710
615 4712
616 4713
617 4714
618 4722
619 4723
620 4724
621 4726
622 4727
623 4734
624 4739
625 4740
626 4741
627 4751
628 4752
629 4753
630 4754
631 4755
632 4756
633 4757
634 4759
635 4760
636 4761
637 4762
638 4763
639 4764
640 4765
641 4766
642 4767
643 4768
644 4769
645 4771
646 4772
647 4773
648 4774
649 4776
650 4777
651 4778
652 4780
653 4781
654 4783
655 4784
656 4785
657 4786
658 4787
659 4788
660 4790
661 4791
662 4792
663 4794
664 4795
665 4796
666 4798
667 4799
668 4800
669 4801
670 4803
671 4804
672 4805
673 4806
674 4807
675 4808
676 4809
677 4810
678 4811
679 4812
680 4813
681 4814
682 4816
683 4817
684 4818
685 4819
686 4820
687 4821
688 4822
689 4824
690 4825
691 4826
692 4827
693 4829
694 4830
695 4831
696 4833
697 4834
698 4835
699 4836
700 4837
701 4838
702 4839
703 4840
704 4841
705 4842
706 4843
707 4844
708 4846
709 4847
710 4848
711 4850
712 4851
713 4852
714 4853
715 4854
716 4858
717 4859
718 4860
719 4861
720 4862
721 4863
722 4864
723 4865
724 4866
725 4867
726 4868
727 4870
728 4871
729 4876
730 4879
731 4880
732 4881
733 4883
734 4884
735 4886
736 4887
737 4890
738 4891
739 4892
740 4893
741 4894
742 4895
743 4896
744 4899
745 4900
746 4901
747 4902
748 4903
749 4904
750 4905
751 4906
752 4908
753 4911
754 4912
755 4917
756 4918
757 4919
758 4920
759 4924
760 4926
761 4930
762 4937
763 4938
764 4942
765 4947
766 4949
767 4953
768 4957
769 4959
770 4961
771 4962
772 4963
773 4964
774 4965
775 4966
776 4969
777 4971
778 4972
779 4981
780 4987
781 4989
782 4990
783 4992
784 4995
785 4998
786 5008
787 5010
788 5011
789 5012
790 5013
791 5014
792 5015
793 5016
794 5017
795 5019
796 5020
797 5021
798 5022
799 5023
800 5024
801 5026
802 5027
803 5028
804 5030
805 5031
806 5032
807 5033
808 5037
809 5045
810 5047
811 5048
812 5049
813 5050
814 5052
815 5053
816 5054
817 5055
818 5056
819 5057
820 5060
821 5061
822 5062
823 5066
824 5067
825 5069
826 5070
827 5071
828 5072
829 5073
830 5074
831 5075
832 5077
833 5080
834 5083
835 5088
836 5090
837 5092
838 5093
839 5094
840 5095
841 5096
842 5097
843 5098
844 5099
845 5100
846 5103
847 5104
848 5105
849 5106
850 5107
851 5108
852 5109
853 5110
854 5111
855 5113
856 5114
857 5115
858 5116
859 5118
860 5119
861 5120
862 5121
863 5122
864 5123
865 5126
866 5128
867 5130
868 5131
869 5132
870 5136
871 5137
872 5138
873 5140
874 5141
875 5142
876 5144
877 5145
878 5146
879 5147
880 5148
881 5149
882 5150
883 5151
884 5153
885 5154
886 5155
887 5156
888 5157
889 5158
890 5159
891 5160
892 5167
893 5168
894 5169
895 5171
896 5172
897 5173
898 5175
899 5178
900 5179
901 5180
902 5185
903 5188
904 5189
905 5194
906 5195
907 5197
908 5200
909 5201
910 5202
911 5204
912 5205
913 5206
914 5207
915 5208
916 5209
917 5210
918 5214
919 5215
920 5216
921 5217
922 5220
923 5221
924 5224
925 5225
926 5226
927 5227
928 5228
929 5229
930 5232
931 5233
932 5234
933 5235
934 5236
935 5237
936 5238
937 5239
938 5244
939 5247
940 5249
941 5250
942 5253
943 5255
944 5256
945 5260
946 5261
947 5262
948 5263
949 5264
950 5265
951 5266
952 5267
953 5269
954 5270
955 5271
956 5272
957 5273
958 5274
959 5275
960 5276
961 5277
962 5278
963 5279
964 5280
965 5282
966 5283
967 5285
968 5286
969 5287
970 5288
971 5289
972 5290
973 5292
974 5293
975 5294
976 5295
977 5296
978 5298
979 5300
980 5301
981 5302
982 5303
983 5304
984 5307
985 5308
986 5309
987 5311
988 5313
989 5314
990 5315
991 5316
992 5318
993 5320
994 5323
995 5325
996 5327
997 5330
998 5331
999 5332
1000 5333
1001 5334
1002 5335
1003 5336
1004 5337
1005 5338
1006 5339
1007 5340
1008 5341
1009 5343
1010 5345
1011 5347
1012 5348
1013 5349
1014 5350
1015 5352
1016 5353
1017 5354
1018 5355
1019 5356
1020 5357
1021 5358
1022 5359
1023 5360
1024 5361
1025 5362
1026 5363
1027 5364
1028 5365
1029 5367
1030 5368
1031 5369
1032 5370
1033 5371
1034 5372
1035 5373
1036 5374
1037 5375
1038 5377
1039 5380
1040 5381
1041 5382
1042 5384
1043 5385
1044 5386
1045 5389
1046 5391
1047 5392
1048 5397
1049 5398
1050 5399
1051 5400
1052 5401
1053 5402
1054 5404
1055 5405
1056 5407
1057 5408
1058 5411
1059 5413
1060 5416
1061 5419
1062 5420
1063 5422
1064 5425
1065 5429
1066 5431
1067 5432
1068 5436
1069 5437
1070 5438
1071 5440
1072 5445
1073 5446
1074 5447
1075 5448
1076 5451
1077 5455
1078 5457
1079 5458
1080 5459
