1 1471
2 1475
3 1479
4 1481
5 1482
6 1485
7 1492
8 1494
9 1500
10 1501
11 1502
12 1503
13 1507
14 1508
15 1509
16 1510
17 1511
18 1512
19 1513
20 1514
21 1516
22 1517
23 1545
24 1547
25 1549
26 1551
27 1553
28 1554
29 1557
30 1558
31 1559
32 1560
33 1561
34 1563
35 1564
36 1568
37 1569
38 1570
39 1573
40 1574
41 1575
42 1576
43 1579
44 1581
45 1582
46 1583
47 1589
48 1591
49 1595
50 1596
51 1597
52 1598
53 1599
54 1602
55 1603
56 1606
57 1607
58 1611
59 1613
60 1616
61 1619
62 1621
63 1625
64 1631
65 1632
66 1633
67 1634
68 1635
69 1637
70 1638
71 1643
72 1648
73 1649
74 1650
75 1651
76 1658
77 1661
78 1663
79 1665
80 1666
81 1667
82 1668
83 1669
84 1670
85 1671
86 1672
87 1673
88 1674
89 1675
90 1680
91 1681
92 1682
93 1683
94 1685
95 1687
96 1692
97 1693
98 1694
99 1695
100 1696
101 1697
102 1698
103 1702
104 1703
105 1716
106 1720
107 1721
108 1722
109 1723
110 1724
111 1726
112 1727
113 1728
114 1729
115 1730
116 1731
117 1732
118 1733
119 1734
120 1735
121 1736
122 1737
123 1738
124 1739
125 1740
126 1741
127 1742
128 1743
129 1744
130 1745
131 1746
132 1747
133 1748
134 1749
135 1750
136 1751
137 1752
138 1753
139 1754
140 1755
141 1756
142 1758
143 1759
144 1760
145 1761
146 1762
147 1763
148 1778
149 1779
150 1783
151 1788
152 1789
153 1791
154 1794
155 1795
156 1796
157 1797
158 1798
159 1799
160 1801
161 1802
162 1803
163 1805
164 1806
165 1808
166 1809
167 1810
168 1811
169 1812
170 1813
171 1815
172 1816
173 1817
174 1819
175 1820
176 1822
177 1824
178 1825
179 1835
180 1837
181 1838
182 1839
183 1840
184 1841
185 1856
186 1857
187 1858
188 1859
189 1860
190 1861
191 1865
192 1866
193 1867
194 1869
195 1870
196 1871
197 1872
198 1873
199 1875
200 1876
201 1877
202 1878
203 1881
204 1882
205 1883
206 1884
207 1885
208 1889
209 1890
210 1891
211 1893
212 1894
213 1898
214 1900
215 1901
216 1902
217 1904
218 1905
219 1906
220 1907
221 1908
222 1909
223 1910
224 1911
225 1913
226 1914
227 1915
228 1916
229 1917
230 1918
231 1919
232 1920
233 1922
234 1923
235 1926
236 1927
237 1928
238 1929
239 1930
240 1931
241 1932
242 1933
243 1934
244 1935
245 1936
246 1937
247 1938
248 1939
249 1940
250 1941
251 1942
252 1943
253 1944
254 1945
255 1946
256 1947
257 1948
258 1949
259 1950
260 1953
261 1958
262 1959
263 1965
264 1967
265 1972
266 1975
267 1976
268 1977
269 1978
270 1979
271 1980
272 1981
273 1982
274 1983
275 1984
276 1985
277 1986
278 1987
279 1988
280 1989
281 1990
282 1992
283 1993
284 1994
285 1995
286 1996
287 1997
288 1998
289 1999
290 2000
291 2001
292 2002
293 2003
294 2007
295 2008
296 2009
297 2010
298 2011
299 2012
300 2013
301 2014
302 2015
303 2016
304 2018
305 2020
306 2021
307 2023
308 2024
309 2026
310 2052
311 2054
312 2057
313 2058
314 2059
315 2060
316 2061
317 2063
318 2064
319 2065
320 2067
321 2068
322 2069
323 2070
324 2072
325 2073
326 2077
327 2078
328 2079
329 2081
330 2082
331 2085
332 2086
333 2087
334 2088
335 2089
336 2090
337 2091
338 2092
339 2093
340 2095
341 2096
342 2097
343 2100
344 2101
345 2102
346 2103
347 2105
348 2112
349 2114
350 2116
351 2117
352 2118
353 2119
354 2120
355 2121
356 2122
357 2123
358 2124
359 2125
360 2126
361 2127
362 2128
363 2130
364 2132
365 2133
366 2174
367 2181
368 2182
369 2185
370 2186
371 2187
372 2278
373 2288
374 2289
375 2290
376 2291
377 2293
378 2295
379 2296
380 2297
381 2300
382 2301
383 2302
384 2303
385 2304
386 2305
387 2307
388 2308
389 2312
390 2314
391 2315
392 2316
393 2317
394 2320
395 2327
396 2329
397 2330
398 2331
399 2332
400 2333
401 2334
402 2335
403 2336
404 2337
405 2338
406 2339
407 2340
408 2341
409 2344
410 2355
411 2358
412 2359
413 2360
414 2363
415 2364
416 2365
417 2367
418 2368
419 2369
420 2371
421 2374
422 2375
423 2379
424 2381
425 2382
426 2383
427 2384
428 2387
429 2388
430 2389
431 2390
432 2391
433 2392
434 2393
435 2395
436 2397
437 2398
438 2399
439 2400
440 2402
441 2403
442 2404
443 2405
444 2406
445 2407
446 2409
447 2410
448 2411
449 2412
450 2413
451 2414
452 2415
453 2417
454 2426
455 2427
456 2430
457 2433
458 2435
459 2436
460 2439
461 2441
462 2442
463 2443
464 2446
465 2447
466 2451
467 2452
468 2453
469 2454
470 2455
