1 832
2 834
3 837
4 838
5 840
6 843
7 844
8 845
9 847
10 848
11 849
12 850
13 851
14 852
15 853
16 854
17 855
18 861
19 862
20 863
21 864
22 865
23 866
24 867
25 868
26 869
27 870
28 871
29 873
30 874
31 875
32 876
33 877
34 879
35 880
36 881
37 882
38 884
39 885
40 887
41 888
42 889
43 891
44 892
45 894
46 896
47 897
48 898
49 899
50 900
51 901
52 902
53 903
54 905
55 906
56 909
57 912
58 913
59 914
60 917
61 918
62 926
63 929
64 930
65 931
66 934
67 936
68 937
69 938
70 939
71 945
72 946
73 947
74 948
75 949
76 950
77 951
78 952
79 953
80 958
81 977
82 978
83 981
84 982
85 986
86 987
87 997
88 1000
89 1001
90 1005
91 1006
92 1010
93 1011
94 1012
95 1013
96 1016
97 1017
98 1019
99 1020
100 1021
101 1022
102 1028
103 1031
104 1036
105 1039
106 1042
107 1044
108 1045
109 1047
110 1054
111 1055
112 1057
113 1058
114 1059
115 1062
116 1063
117 1064
118 1065
119 1066
120 1068
121 1069
122 1070
123 1071
124 1072
125 1073
126 1074
127 1075
128 1076
129 1077
130 1078
131 1084
132 1085
133 1086
134 1087
135 1088
136 1089
137 1092
138 1096
139 1097
140 1098
141 1100
142 1102
143 1103
144 1106
145 1107
146 1108
147 1109
148 1110
149 1111
150 1112
151 1113
152 1121
153 1122
154 1123
155 1124
156 1126
157 1127
158 1128
159 1130
160 1131
161 1132
162 1133
163 1136
164 1137
165 1138
166 1146
167 1148
168 1153
169 1154
170 1155
171 1156
172 1157
173 1158
174 1162
175 1172
176 1173
177 1174
178 1177
179 1181
180 1182
181 1186
182 1195
183 1202
184 1205
185 1206
186 1207
187 1208
188 1209
189 1210
190 1211
191 1212
192 1214
193 1215
194 1216
195 1222
196 1223
197 1225
198 1226
199 1227
200 1228
201 1229
202 1232
203 1233
204 1234
205 1235
206 1239
207 1242
208 1243
209 1244
210 1246
211 1247
212 1251
213 1255
214 1263
215 1264
216 1265
217 1266
218 1268
219 1270
220 1271
221 1272
222 1275
223 1276
224 1277
225 1278
226 1279
227 1280
228 1281
229 1282
230 1283
231 1284
232 1285
233 1286
234 1287
235 1288
236 1289
237 1290
238 1291
239 1292
240 1293
241 1294
242 1295
243 1297
244 1301
245 1302
246 1303
247 1304
248 1305
249 1306
250 1307
251 1308
252 1309
253 1310
254 1312
255 1315
256 1316
257 1317
258 1318
259 1320
260 1321
261 1322
262 1323
263 1331
264 1332
265 1333
266 1334
267 1336
268 1360
269 1361
270 1362
271 1363
272 1364
273 1365
274 1366
275 1367
276 1368
277 1369
278 1370
279 1371
280 1372
281 1373
282 1374
283 1375
284 1376
285 1383
286 1384
287 1385
288 1386
289 1387
290 1388
291 1389
292 1390
293 1391
294 1392
295 1393
296 1395
297 1396
298 1397
299 1399
300 1402
301 1403
302 1404
303 1406
304 1407
305 1410
306 1411
307 1412
308 1413
309 1414
310 1415
311 1417
312 1418
313 1419
314 1425
315 1427
316 1429
317 1431
318 1432
319 1433
320 1435
321 1436
322 1437
323 1438
324 1439
325 1442
326 1443
327 1444
328 1445
329 1450
330 1452
331 1460
332 1463
