1 2014
2 2015
3 2016
4 2017
5 2018
6 2019
7 2020
8 2021
9 2022
10 2023
11 2024
12 2027
13 2028
14 2030
15 2031
16 2032
17 2033
18 2034
19 2035
20 2036
21 2041
22 2042
23 2043
24 2044
25 2046
26 2047
27 2048
28 2049
29 2056
30 2057
31 2058
32 2063
33 2065
34 2066
35 2067
36 2068
37 2069
38 2071
39 2078
40 2079
41 2083
42 2084
43 2086
44 2087
45 2088
46 2091
47 2092
48 2093
49 2094
50 2095
51 2096
52 2097
53 2100
54 2101
55 2102
56 2103
57 2104
58 2105
59 2108
60 2109
61 2110
62 2112
63 2115
64 2116
65 2118
66 2119
67 2120
68 2121
69 2123
70 2124
71 2125
72 2126
73 2127
74 2128
75 2130
76 2131
77 2132
78 2134
79 2135
80 2140
81 2147
82 2154
83 2179
84 2187
85 2188
86 2189
87 2190
88 2191
89 2192
90 2193
91 2194
92 2195
93 2199
94 2200
95 2201
96 2204
97 2205
98 2206
99 2207
100 2208
101 2209
102 2210
103 2215
104 2218
105 2219
106 2220
107 2221
108 2225
109 2228
110 2230
111 2232
112 2238
113 2240
114 2241
115 2242
116 2243
117 2244
118 2247
119 2248
120 2249
121 2250
122 2251
123 2252
124 2253
125 2254
126 2255
127 2256
128 2257
129 2258
130 2259
131 2260
132 2261
133 2262
134 2263
135 2269
136 2270
137 2271
138 2272
139 2273
140 2276
141 2280
142 2281
143 2282
144 2283
145 2284
146 2285
147 2286
148 2287
149 2290
150 2291
151 2294
152 2304
153 2305
154 2306
155 2307
156 2309
157 2310
158 2311
159 2314
160 2315
161 2316
162 2317
163 2318
164 2319
165 2320
166 2321
167 2325
168 2326
169 2327
170 2332
171 2333
172 2334
173 2335
174 2336
175 2337
176 2338
177 2349
178 2350
179 2351
180 2352
181 2354
182 2363
183 2364
184 2365
185 2374
186 2381
187 2386
188 2387
189 2388
190 2389
191 2390
192 2391
193 2392
194 2393
195 2394
196 2395
197 2400
198 2407
199 2408
200 2409
201 2412
202 2413
203 2414
204 2415
205 2416
206 2418
207 2420
208 2425
209 2426
210 2429
211 2430
212 2431
213 2432
214 2433
215 2436
216 2437
217 2439
218 2440
219 2441
220 2446
221 2451
222 2452
223 2453
224 2454
225 2455
226 2456
227 2457
228 2458
229 2459
230 2460
231 2461
232 2462
233 2463
234 2464
235 2465
236 2468
237 2469
238 2471
239 2472
240 2473
241 2474
242 2475
243 2476
244 2477
245 2478
246 2479
247 2481
248 2482
249 2483
250 2484
251 2486
252 2488
253 2489
254 2490
255 2494
256 2495
257 2496
258 2498
259 2499
260 2500
261 2501
262 2505
263 2510
264 2511
265 2512
266 2513
267 2514
268 2515
269 2529
270 2543
271 2544
272 2545
273 2546
274 2547
275 2548
276 2556
277 2557
278 2558
279 2559
280 2560
281 2561
282 2563
283 2564
284 2565
285 2566
286 2567
287 2568
288 2569
289 2570
290 2571
291 2572
292 2573
293 2574
294 2575
295 2576
296 2577
297 2579
298 2580
299 2582
300 2583
301 2584
302 2586
303 2587
304 2588
305 2589
306 2590
307 2591
308 2595
309 2597
310 2598
311 2599
312 2600
313 2601
314 2602
315 2604
316 2605
317 2606
318 2607
319 2608
320 2609
321 2610
322 2613
323 2614
324 2615
325 2616
326 2623
327 2627
328 2632
329 2633
330 2634
331 2635
332 2645
