1 8774
2 8775
3 8777
4 8779
5 8780
6 8781
7 8782
8 8783
9 8784
10 8786
11 8787
12 8788
13 8789
14 8794
15 8795
16 8796
17 8799
18 8800
19 8801
20 8802
21 8812
22 8815
23 8819
24 8823
25 8831
26 8832
27 8843
28 8844
29 8845
30 8857
31 8858
32 8859
33 8864
34 8866
35 8867
36 8868
37 8869
38 8870
39 8871
40 8872
41 8873
42 8874
43 8875
44 8876
45 8879
46 8880
47 8881
48 8882
49 8884
50 8885
51 8886
52 8888
53 8890
54 8892
55 8895
56 8897
57 8905
58 8909
59 8910
60 8911
61 8912
62 8913
63 8915
64 8918
65 8919
66 8920
67 8921
68 8922
69 8923
70 8931
71 8932
72 8937
73 8939
74 8941
75 8942
76 8943
77 8945
78 8950
79 8951
80 8962
81 8964
82 8965
83 8966
84 8967
85 8968
86 8969
87 8970
88 8971
89 8972
90 8973
91 8974
92 8975
93 8976
94 8977
95 8978
96 8982
97 8983
98 8984
99 8985
100 8986
101 8987
102 8988
103 8989
104 8990
105 8991
106 8992
107 8993
108 8994
109 8995
110 8996
111 8999
112 9000
113 9004
114 9005
115 9006
116 9009
117 9011
118 9012
119 9013
120 9015
121 9017
122 9019
123 9022
124 9024
125 9025
126 9027
127 9029
128 9030
129 9039
130 9040
131 9045
132 9046
133 9047
134 9052
135 9058
136 9059
137 9062
138 9063
139 9066
140 9068
141 9080
142 9082
143 9083
144 9084
145 9085
146 9086
147 9087
148 9088
149 9089
150 9090
151 9091
152 9103
153 9106
154 9107
155 9123
156 9124
157 9125
158 9126
159 9134
160 9135
161 9140
162 9141
163 9146
164 9152
165 9156
166 9157
167 9158
168 9159
169 9161
170 9162
171 9169
172 9178
173 9185
174 9186
175 9187
176 9188
177 9190
178 9199
179 9203
180 9204
181 9205
182 9206
183 9208
184 9209
185 9210
186 9211
187 9215
188 9216
189 9217
190 9219
191 9259
192 9296
193 9297
194 9298
195 9303
196 9310
197 9311
198 9312
199 9313
200 9314
201 9315
202 9316
203 9317
204 9318
205 9319
206 9320
207 9321
208 9322
209 9323
210 9324
211 9325
212 9326
213 9327
214 9328
215 9330
216 9331
217 9334
218 9336
219 9337
220 9338
221 9340
222 9342
223 9343
224 9344
225 9345
226 9346
227 9347
228 9348
229 9349
230 9350
231 9351
232 9352
233 9353
234 9354
235 9355
236 9356
237 9357
238 9358
239 9359
240 9360
241 9362
242 9363
243 9364
244 9365
245 9366
246 9367
247 9368
248 9369
249 9370
250 9372
251 9373
252 9374
253 9375
254 9376
255 9377
256 9381
257 9383
258 9385
259 9386
260 9387
261 9390
262 9391
263 9392
264 9393
265 9396
266 9397
267 9405
268 9408
269 9415
270 9417
271 9420
272 9421
273 9426
274 9428
275 9429
276 9430
277 9432
278 9433
279 9434
280 9435
281 9436
282 9437
283 9439
284 9441
285 9442
286 9443
287 9445
288 9446
289 9447
290 9448
291 9449
292 9450
293 9451
294 9453
295 9454
296 9456
297 9457
298 9458
299 9459
300 9460
301 9465
302 9466
303 9467
304 9468
305 9469
306 9470
307 9471
308 9473
309 9478
310 9480
311 9482
312 9483
313 9484
314 9485
315 9486
316 9487
317 9488
318 9489
319 9490
320 9491
321 9492
322 9493
323 9494
324 9495
325 9496
326 9498
327 9500
328 9503
329 9509
330 9511
331 9516
332 9521
333 9522
334 9527
335 9528
336 9529
337 9530
338 9533
339 9534
340 9535
341 9536
342 9539
343 9541
344 9542
345 9545
346 9546
347 9547
348 9548
349 9549
350 9550
351 9551
352 9552
353 9553
354 9571
355 9572
356 9575
357 9576
358 9581
359 9582
360 9593
361 9594
362 9601
363 9602
364 9605
365 9609
366 9610
367 9612
368 9614
369 9619
370 9623
371 9628
372 9630
373 9640
374 9641
375 9642
376 9673
377 9674
378 9675
379 9680
380 9681
381 9682
382 9685
383 9686
384 9687
385 9688
386 9691
387 9692
388 9693
389 9696
390 9697
391 9706
392 9709
393 9710
394 9711
395 9713
396 9715
397 9721
398 9722
399 9723
400 9724
401 9726
402 9727
403 9728
404 9729
405 9730
406 9731
407 9732
408 9734
409 9735
410 9736
411 9737
412 9738
413 9740
414 9741
415 9744
416 9749
417 9750
418 9751
419 9753
420 9754
421 9755
422 9756
423 9757
424 9766
425 9768
426 9774
427 9775
428 9777
429 9779
430 9780
431 9781
432 9793
433 9794
434 9795
435 9796
436 9814
437 9827
438 9831
439 9832
440 9833
441 9834
442 9835
443 9836
444 9837
445 9838
446 9839
447 9841
448 9845
449 9846
450 9847
451 9848
452 9849
453 9850
454 9851
455 9852
456 9853
457 9854
458 9855
459 9856
460 9857
461 9865
462 9875
463 9882
464 9883
465 9884
466 9885
467 9886
468 9902
469 9906
470 9909
471 9910
472 9914
473 9915
474 9918
475 9919
476 9921
477 9924
478 9925
479 9926
480 9929
481 9930
482 9931
483 9937
484 9940
485 9946
486 9947
487 9948
488 9954
489 9960
490 9965
491 9966
492 9967
493 9968
494 9972
495 9973
496 9974
497 9975
498 9976
499 9977
500 9978
501 9980
502 9982
503 9983
504 9984
505 9985
506 9987
507 9988
508 9991
509 9992
510 9993
511 9997
512 9998
513 9999
514 10000
515 10001
516 10003
517 10004
518 10005
519 10009
520 10010
521 10011
522 10012
523 10013
524 10014
525 10015
526 10016
527 10017
528 10022
529 10029
530 10030
531 10031
532 10033
533 10034
534 10035
535 10037
536 10038
537 10043
538 10047
539 10048
540 10049
541 10054
542 10067
543 10068
544 10079
545 10085
546 10087
547 10090
548 10091
549 10092
550 10106
551 10109
552 10110
553 10111
554 10114
555 10115
556 10119
557 10120
558 10121
559 10122
560 10123
561 10124
562 10125
563 10126
564 10127
565 10128
566 10132
567 10134
568 10135
569 10139
570 10140
571 10142
572 10143
573 10144
574 10146
575 10147
576 10148
577 10149
578 10150
579 10151
580 10155
581 10156
582 10157
583 10158
584 10159
585 10160
586 10163
587 10164
588 10165
589 10166
590 10167
591 10168
592 10170
593 10171
594 10172
595 10176
596 10178
597 10193
598 10199
599 10201
600 10202
601 10206
602 10207
603 10208
604 10209
605 10212
606 10215
607 10216
608 10217
609 10218
610 10221
611 10222
612 10225
613 10227
614 10228
615 10229
616 10230
617 10231
618 10235
619 10240
620 10241
621 10242
622 10245
623 10246
624 10247
625 10248
626 10249
627 10250
628 10255
629 10256
630 10257
631 10258
632 10266
633 10267
634 10268
635 10269
636 10270
637 10271
638 10272
639 10273
640 10277
641 10278
642 10279
643 10280
644 10283
645 10285
646 10286
647 10288
648 10290
649 10293
650 10294
651 10299
652 10300
653 10302
654 10305
655 10308
656 10311
657 10312
658 10313
659 10316
660 10317
661 10318
662 10320
663 10321
664 10322
665 10323
666 10327
667 10328
668 10329
669 10332
670 10333
671 10335
672 10336
673 10337
674 10339
675 10340
676 10341
677 10342
678 10343
679 10344
680 10345
681 10346
682 10347
683 10348
684 10349
685 10350
686 10352
687 10354
688 10356
689 10361
690 10363
691 10366
692 10367
693 10368
694 10369
695 10370
696 10371
697 10376
698 10377
699 10378
700 10379
701 10380
702 10381
703 10383
704 10384
705 10385
706 10388
707 10389
708 10392
709 10393
710 10394
711 10396
712 10397
713 10398
714 10401
715 10402
716 10403
717 10404
718 10405
719 10406
720 10409
721 10410
722 10411
723 10414
724 10415
725 10416
726 10417
727 10418
728 10419
729 10420
730 10421
731 10422
732 10423
733 10424
734 10426
735 10427
736 10428
737 10429
738 10430
739 10431
740 10432
741 10433
742 10435
743 10436
744 10438
745 10442
746 10444
747 10446
748 10447
749 10448
750 10449
751 10450
752 10451
753 10453
754 10454
755 10455
756 10456
757 10457
758 10458
759 10460
760 10461
761 10463
762 10464
763 10465
764 10466
765 10468
766 10469
767 10472
768 10473
769 10474
770 10477
771 10478
772 10479
773 10481
774 10482
775 10484
776 10492
777 10494
778 10501
779 10502
780 10503
781 10504
782 10505
783 10506
784 10507
785 10508
786 10509
787 10510
788 10511
789 10512
790 10513
791 10514
792 10515
793 10516
794 10517
795 10518
796 10519
797 10520
798 10521
799 10522
800 10523
801 10524
802 10529
803 10530
804 10533
805 10540
806 10542
807 10544
808 10547
809 10548
810 10549
811 10550
812 10551
813 10552
814 10553
815 10554
816 10555
817 10556
818 10557
819 10558
820 10559
821 10564
822 10576
823 10578
824 10587
825 10591
826 10599
827 10601
