1 2660
2 2661
3 2662
4 2663
5 2665
6 2666
7 2667
8 2673
9 2674
10 2675
11 2677
12 2678
13 2681
14 2682
15 2684
16 2687
17 2688
18 2689
19 2707
20 2712
21 2724
22 2725
23 2726
24 2727
25 2728
26 2729
27 2731
28 2732
29 2736
30 2737
31 2742
32 2745
33 2746
34 2748
35 2749
36 2755
37 2757
38 2769
39 2771
40 2772
41 2774
42 2777
43 2778
44 2779
45 2780
46 2781
47 2782
48 2783
49 2784
50 2785
51 2789
52 2790
53 2791
54 2792
55 2793
56 2796
57 2797
58 2799
59 2800
60 2801
61 2806
62 2807
63 2808
64 2809
65 2810
66 2811
67 2814
68 2817
69 2819
70 2822
71 2823
72 2824
73 2829
74 2834
75 2835
76 2836
77 2840
78 2841
79 2842
80 2844
81 2845
82 2846
83 2847
84 2848
85 2849
86 2850
87 2851
88 2852
89 2853
90 2854
91 2855
92 2856
93 2857
94 2858
95 2859
96 2866
97 2867
98 2868
99 2871
100 2874
101 2875
102 2876
103 2877
104 2883
105 2884
106 2886
107 2888
108 2903
109 2904
110 2905
111 2906
112 2907
113 2908
114 2909
115 2910
116 2911
117 2912
118 2913
119 2914
120 2915
121 2916
122 2917
123 2918
124 2919
125 2921
126 2922
127 2923
128 2924
129 2925
130 2930
131 2931
132 2932
133 2933
134 2934
135 2935
136 2936
137 2937
138 2938
139 2939
140 2940
141 2941
142 2942
143 2943
144 2944
145 2945
146 2946
147 2949
148 2967
149 2968
150 2970
151 2971
152 2973
153 2974
154 2975
155 2977
156 2978
157 2979
158 2981
159 2982
160 2983
161 2984
162 2992
163 2993
164 2994
165 2996
166 2997
167 2999
168 3000
169 3001
170 3002
171 3003
172 3004
173 3009
174 3010
175 3013
176 3017
177 3018
178 3020
179 3021
180 3022
181 3023
182 3024
183 3026
184 3031
185 3033
186 3036
187 3037
188 3038
189 3039
190 3040
191 3041
192 3042
193 3043
194 3045
195 3047
196 3048
197 3049
198 3050
199 3051
200 3052
201 3053
202 3054
203 3055
204 3056
205 3057
206 3058
207 3059
208 3060
209 3061
210 3062
211 3063
212 3064
213 3065
214 3066
215 3067
216 3068
217 3069
218 3070
219 3071
220 3072
221 3075
222 3080
223 3081
224 3082
225 3083
226 3084
227 3086
228 3087
229 3088
230 3089
231 3090
232 3091
233 3092
234 3093
235 3094
236 3095
237 3096
238 3101
239 3102
240 3103
241 3104
242 3105
243 3106
244 3107
245 3108
246 3118
247 3119
248 3120
249 3121
250 3122
251 3123
252 3124
253 3125
254 3126
255 3127
256 3128
257 3129
258 3130
259 3131
260 3133
261 3134
262 3135
263 3136
264 3137
265 3138
266 3139
267 3140
268 3141
269 3142
270 3143
271 3144
272 3148
273 3149
274 3150
275 3151
276 3152
277 3153
278 3154
279 3155
280 3156
281 3157
282 3158
283 3159
284 3162
285 3163
286 3167
287 3168
288 3170
289 3172
290 3173
291 3174
292 3175
293 3176
294 3179
295 3180
296 3182
297 3183
298 3184
299 3185
300 3187
301 3189
302 3197
303 3201
304 3203
305 3204
306 3206
307 3207
308 3208
309 3209
310 3212
311 3220
312 3222
313 3223
314 3225
315 3226
316 3227
317 3228
318 3229
319 3230
320 3231
321 3232
322 3233
323 3236
324 3238
325 3239
326 3252
327 3273
328 3276
329 3277
330 3278
331 3286
332 3287
333 3288
334 3291
335 3292
336 3293
337 3294
338 3295
339 3296
340 3297
341 3298
342 3301
343 3304
344 3306
345 3307
346 3309
347 3310
348 3311
349 3312
350 3313
351 3314
352 3316
353 3317
354 3318
355 3319
356 3321
357 3322
358 3323
359 3324
360 3327
361 3328
362 3330
363 3331
364 3332
365 3333
366 3334
367 3335
368 3336
369 3337
370 3339
371 3376
372 3377
373 3470
374 3471
375 3472
376 3473
377 3474
378 3476
379 3477
380 3478
381 3479
382 3481
383 3484
384 3486
385 3487
386 3488
387 3490
388 3492
389 3499
390 3503
391 3511
392 3516
393 3518
394 3519
395 3521
396 3522
397 3523
398 3524
399 3525
400 3527
401 3528
402 3529
403 3530
404 3534
405 3535
406 3536
407 3537
408 3538
409 3539
410 3540
411 3541
412 3543
413 3544
414 3545
415 3546
416 3547
417 3548
418 3550
419 3553
420 3554
421 3555
422 3556
423 3557
424 3558
425 3559
426 3560
427 3561
428 3563
429 3564
430 3568
431 3571
432 3572
433 3576
434 3577
435 3579
436 3580
437 3581
438 3582
439 3583
440 3584
441 3585
442 3587
443 3589
444 3597
445 3598
446 3599
447 3600
448 3601
449 3604
450 3605
451 3606
452 3608
453 3609
454 3611
455 3616
456 3617
457 3618
458 3619
459 3622
460 3623
461 3625
462 3626
463 3627
464 3628
465 3632
466 3633
467 3636
468 3638
469 3639
470 3640
