1 7396
2 7397
3 7399
4 7400
5 7401
6 7402
7 7403
8 7404
9 7405
10 7406
11 7407
12 7408
13 7409
14 7410
15 7413
16 7414
17 7415
18 7416
19 7417
20 7418
21 7419
22 7420
23 7421
24 7424
25 7427
26 7428
27 7429
28 7435
29 7436
30 7437
31 7438
32 7439
33 7440
34 7441
35 7442
36 7443
37 7444
38 7445
39 7446
40 7447
41 7448
42 7449
43 7452
44 7453
45 7454
46 7455
47 7460
48 7473
49 7474
50 7475
51 7477
52 7478
53 7480
54 7483
55 7484
56 7496
57 7497
58 7498
59 7500
60 7502
61 7503
62 7504
63 7505
64 7506
65 7507
66 7509
67 7510
68 7511
69 7512
70 7518
71 7522
72 7523
73 7525
74 7526
75 7531
76 7542
77 7543
78 7545
79 7548
80 7552
81 7553
82 7554
83 7555
84 7556
85 7558
86 7559
87 7560
88 7561
89 7562
90 7563
91 7564
92 7565
93 7566
94 7568
95 7569
96 7570
97 7571
98 7572
99 7573
100 7574
101 7575
102 7577
103 7578
104 7579
105 7580
106 7581
107 7582
108 7585
109 7590
110 7591
111 7592
112 7595
113 7596
114 7597
115 7598
116 7599
117 7601
118 7602
119 7607
120 7608
121 7611
122 7620
123 7621
124 7622
125 7623
126 7624
127 7625
128 7626
129 7627
130 7628
131 7630
132 7632
133 7633
134 7634
135 7638
136 7648
137 7649
138 7652
139 7654
140 7659
141 7662
142 7679
143 7683
144 7685
145 7689
146 7690
147 7691
148 7692
149 7693
150 7694
151 7695
152 7696
153 7698
154 7699
155 7700
156 7701
157 7702
158 7703
159 7707
160 7708
161 7709
162 7710
163 7712
164 7715
165 7717
166 7723
167 7730
168 7732
169 7733
170 7734
171 7736
172 7737
173 7738
174 7739
175 7743
176 7751
177 7755
178 7756
179 7757
180 7758
181 7760
182 7761
183 7763
184 7764
185 7765
186 7766
187 7767
188 7768
189 7770
190 7776
191 7777
192 7779
193 7780
194 7783
195 7786
196 7788
197 7790
198 7791
199 7792
200 7793
201 7794
202 7795
203 7796
204 7797
205 7798
206 7799
207 7800
208 7802
209 7803
210 7805
211 7806
212 7808
213 7809
214 7820
215 7821
216 7822
217 7823
218 7824
219 7827
220 7829
221 7830
222 7832
223 7833
224 7834
225 7836
226 7839
227 7840
228 7841
229 7843
230 7844
231 7845
232 7846
233 7847
234 7848
235 7849
236 7853
237 7854
238 7856
239 7862
240 7863
241 7864
242 7865
243 7866
244 7867
245 7868
246 7869
247 7870
248 7877
249 7878
250 7879
251 7881
252 7887
253 7888
254 7889
255 7895
256 7903
257 7910
258 7915
259 7916
260 7917
261 7918
262 7919
263 7920
264 7921
265 7922
266 7929
267 7930
268 7931
269 7937
270 7940
271 7944
272 7945
273 7947
274 7948
275 7949
276 7950
277 7951
278 7952
279 7953
280 7954
281 7956
282 7957
283 7961
284 7967
285 7968
286 7969
287 7974
288 7975
289 7977
290 7978
291 7985
292 7987
293 7989
294 7991
295 7995
296 7996
297 8000
298 8002
299 8003
300 8005
301 8007
302 8009
303 8010
304 8011
305 8013
306 8014
307 8019
308 8020
309 8021
310 8024
311 8025
312 8026
313 8027
314 8028
315 8031
316 8032
317 8035
318 8036
319 8037
320 8039
321 8044
322 8045
323 8046
324 8047
325 8048
326 8049
327 8053
328 8055
329 8056
330 8058
331 8059
332 8061
333 8062
334 8064
335 8065
336 8066
337 8067
338 8071
339 8073
340 8074
341 8077
342 8078
343 8083
344 8084
345 8087
346 8090
347 8091
348 8095
349 8113
350 8118
351 8119
352 8120
353 8121
354 8122
355 8128
356 8129
357 8130
358 8131
359 8132
360 8133
361 8142
362 8143
363 8147
364 8155
365 8156
366 8157
367 8159
368 8162
369 8174
370 8178
371 8183
372 8185
373 8186
374 8187
375 8189
376 8190
377 8192
378 8193
379 8194
380 8195
381 8196
382 8197
383 8198
384 8199
385 8200
386 8203
387 8204
388 8205
389 8212
390 8215
391 8217
392 8218
393 8219
394 8220
395 8229
396 8230
397 8231
398 8233
399 8234
400 8237
401 8238
402 8239
403 8240
404 8241
405 8244
406 8247
407 8249
408 8250
409 8252
410 8256
411 8257
412 8258
413 8263
414 8266
415 8267
416 8276
417 8285
418 8286
419 8302
420 8305
421 8308
422 8309
423 8310
424 8313
425 8314
426 8315
427 8324
428 8328
429 8332
430 8335
431 8339
432 8345
433 8346
434 8366
435 8367
436 8374
437 8380
438 8383
439 8384
440 8385
441 8386
442 8387
443 8391
444 8398
445 8399
446 8400
447 8403
448 8404
449 8405
450 8407
451 8410
452 8411
453 8412
454 8413
455 8414
456 8415
457 8416
458 8417
459 8418
460 8422
461 8423
462 8424
463 8426
464 8427
465 8429
466 8430
467 8431
468 8432
469 8433
470 8434
471 8436
472 8437
473 8438
474 8439
475 8440
476 8441
477 8442
478 8443
479 8444
480 8445
481 8446
482 8447
483 8448
484 8449
485 8451
486 8452
487 8453
488 8454
489 8455
490 8456
491 8457
492 8458
493 8459
494 8460
495 8462
496 8463
497 8464
498 8465
499 8466
500 8467
501 8469
502 8471
503 8472
504 8473
505 8474
506 8475
507 8476
508 8477
509 8480
510 8481
511 8482
512 8483
513 8484
514 8485
515 8488
516 8489
517 8490
518 8492
519 8494
520 8495
521 8502
522 8503
523 8504
524 8505
525 8506
526 8507
527 8508
528 8509
529 8510
530 8511
531 8512
532 8513
533 8514
534 8515
535 8516
536 8517
537 8518
538 8519
539 8528
540 8529
541 8530
542 8535
543 8539
544 8540
545 8542
546 8543
547 8544
548 8545
549 8546
550 8549
551 8550
552 8551
553 8552
554 8553
555 8554
556 8556
557 8559
558 8560
559 8562
560 8574
