1 3641
2 3642
3 3644
4 3645
5 3646
6 3650
7 3651
8 3652
9 3653
10 3654
11 3655
12 3656
13 3657
14 3658
15 3659
16 3660
17 3661
18 3662
19 3663
20 3664
21 3665
22 3666
23 3667
24 3668
25 3669
26 3670
27 3671
28 3672
29 3673
30 3674
31 3675
32 3676
33 3677
34 3678
35 3679
36 3681
37 3682
38 3683
39 3684
40 3685
41 3687
42 3689
43 3690
44 3691
45 3692
46 3693
47 3694
48 3695
49 3696
50 3697
51 3699
52 3700
53 3701
54 3702
55 3703
56 3706
57 3708
58 3709
59 3711
60 3712
61 3713
62 3715
63 3716
64 3717
65 3718
66 3719
67 3720
68 3721
69 3722
70 3723
71 3724
72 3725
73 3726
74 3727
75 3728
76 3729
77 3730
78 3731
79 3732
80 3733
81 3734
82 3735
83 3736
84 3737
85 3738
86 3739
87 3740
88 3741
89 3742
90 3744
91 3745
92 3746
93 3747
94 3748
95 3749
96 3750
97 3751
98 3752
99 3753
100 3754
101 3755
102 3756
103 3757
104 3758
105 3759
106 3763
107 3764
108 3765
109 3766
110 3767
111 3768
112 3769
113 3770
114 3771
115 3772
116 3773
117 3776
118 3779
119 3780
120 3784
121 3787
122 3788
123 3789
124 3790
125 3791
126 3792
127 3794
128 3797
129 3798
130 3799
131 3801
132 3802
133 3805
134 3807
135 3808
136 3809
137 3810
138 3811
139 3812
140 3813
141 3814
142 3815
143 3816
144 3817
145 3818
146 3819
147 3820
148 3823
149 3824
150 3826
151 3828
152 3829
153 3830
154 3835
155 3836
156 3838
157 3839
158 3842
159 3843
160 3846
161 3848
162 3852
163 3853
164 3854
165 3855
166 3856
167 3857
168 3858
169 3862
170 3865
171 3866
172 3867
173 3868
174 3869
175 3870
176 3876
177 3877
178 3878
179 3879
180 3880
181 3881
182 3882
183 3883
184 3884
185 3885
186 3886
187 3887
188 3888
189 3889
190 3890
191 3891
192 3892
193 3893
194 3894
195 3895
196 3896
197 3897
198 3898
199 3899
200 3900
201 3901
202 3903
203 3904
204 3905
205 3906
206 3907
207 3908
208 3909
209 3910
210 3913
211 3914
212 3915
213 3917
214 3918
215 3919
216 3922
217 3923
218 3927
219 3929
220 3930
221 3933
222 3934
223 3935
224 3936
225 3937
226 3939
227 3940
228 3941
229 3942
230 3943
231 3944
232 3947
233 3948
234 3949
235 3950
236 3951
237 3952
238 3953
239 3954
240 3955
241 3956
242 3957
243 3958
244 3959
245 3960
246 3962
247 3963
248 3964
249 3965
250 3966
251 3968
252 3969
253 3970
254 3972
255 3973
256 3974
257 3975
258 3976
259 3977
260 3978
261 3980
262 3981
263 3983
264 3984
265 3985
266 3986
267 3987
268 3988
269 3989
270 3990
271 3991
272 3992
273 3993
274 3994
275 3995
276 3996
277 3997
278 3998
279 3999
280 4000
281 4001
282 4002
283 4003
284 4004
285 4005
286 4006
287 4007
288 4008
289 4009
290 4010
291 4011
292 4012
293 4013
294 4014
295 4015
296 4018
297 4020
298 4021
299 4022
300 4023
301 4024
302 4025
303 4026
304 4027
305 4028
306 4029
307 4031
308 4034
309 4035
310 4038
311 4039
312 4041
313 4043
314 4044
315 4045
316 4046
317 4047
318 4048
319 4049
320 4050
321 4051
322 4057
323 4058
324 4059
325 4060
326 4061
327 4062
328 4063
329 4064
330 4065
331 4066
332 4067
333 4068
334 4069
335 4070
336 4071
337 4072
338 4073
339 4075
340 4076
341 4077
342 4078
343 4079
344 4081
345 4082
346 4083
347 4084
348 4085
349 4086
350 4087
351 4088
352 4089
353 4090
354 4091
355 4092
356 4093
357 4094
358 4095
359 4096
360 4097
361 4098
362 4099
363 4100
364 4101
365 4102
366 4103
367 4104
368 4105
369 4106
370 4107
371 4108
372 4109
373 4110
374 4111
375 4112
376 4113
377 4114
378 4115
379 4116
380 4117
381 4118
382 4119
383 4120
384 4121
385 4122
386 4123
387 4124
388 4125
389 4128
390 4129
391 4130
392 4131
393 4132
394 4133
395 4134
396 4135
397 4136
398 4137
399 4138
400 4139
401 4140
402 4141
403 4142
404 4143
405 4144
406 4145
407 4146
408 4147
409 4148
410 4149
411 4151
412 4152
413 4153
414 4154
415 4155
416 4156
417 4157
418 4158
419 4159
420 4160
421 4161
422 4162
423 4163
424 4164
425 4165
426 4166
427 4167
428 4168
429 4169
430 4170
431 4171
432 4179
433 4180
434 4181
435 4182
436 4183
437 4184
438 4185
439 4187
440 4188
441 4189
442 4190
443 4191
444 4192
445 4193
446 4195
447 4196
448 4201
449 4202
450 4203
451 4204
452 4205
453 4206
454 4207
455 4208
456 4209
457 4210
458 4211
459 4212
460 4213
461 4214
462 4215
463 4216
464 4217
465 4218
466 4219
467 4220
468 4226
469 4227
470 4228
471 4229
472 4230
473 4231
474 4232
475 4233
476 4234
477 4235
478 4237
479 4238
480 4239
481 4240
482 4241
483 4242
484 4243
485 4245
486 4246
487 4247
488 4248
489 4249
490 4250
491 4251
492 4252
493 4253
494 4255
495 4256
496 4257
497 4258
498 4262
499 4263
500 4264
501 4265
502 4266
503 4267
504 4268
505 4269
506 4270
507 4271
508 4272
509 4273
510 4274
511 4275
512 4276
513 4277
514 4278
515 4279
516 4280
517 4281
518 4282
519 4284
520 4286
521 4287
522 4288
523 4289
524 4290
525 4291
526 4292
527 4293
528 4294
529 4295
530 4296
531 4297
532 4298
533 4299
534 4300
535 4301
536 4302
537 4303
538 4304
539 4305
540 4306
541 4307
542 4308
543 4309
544 4310
545 4311
546 4312
547 4313
548 4316
549 4317
550 4318
551 4319
552 4320
553 4321
554 4322
555 4323
556 4324
557 4325
558 4326
559 4327
560 4328
561 4329
562 4330
563 4331
564 4332
565 4333
566 4334
567 4335
568 4336
569 4337
570 4338
571 4340
572 4341
573 4342
574 4343
575 4344
576 4345
577 4346
578 4347
579 4348
580 4349
581 4350
582 4351
583 4352
584 4353
585 4354
586 4355
587 4356
588 4357
589 4358
590 4359
591 4360
592 4361
593 4362
594 4364
595 4365
596 4366
597 4367
598 4368
599 4369
600 4371
601 4372
602 4373
603 4374
604 4375
605 4376
606 4377
607 4378
608 4379
609 4380
610 4381
611 4382
612 4383
613 4384
614 4385
615 4386
616 4387
617 4388
618 4389
619 4390
620 4391
621 4392
622 4393
623 4394
624 4395
625 4396
626 4397
627 4398
628 4399
629 4400
630 4401
631 4402
632 4403
633 4404
634 4405
635 4406
636 4407
637 4408
638 4409
639 4410
640 4411
641 4412
642 4413
643 4414
644 4415
645 4416
646 4417
647 4418
648 4419
649 4420
650 4421
651 4422
652 4423
653 4424
654 4425
655 4426
656 4427
657 4428
658 4429
659 4430
660 4431
661 4432
662 4435
663 4437
664 4438
665 4439
666 4440
667 4441
668 4442
669 4443
670 4444
671 4445
672 4446
673 4447
674 4448
675 4449
676 4450
677 4451
678 4452
679 4453
680 4454
681 4455
682 4456
683 4457
684 4460
685 4461
686 4462
687 4463
688 4464
689 4465
690 4466
691 4467
692 4468
693 4469
694 4470
695 4471
696 4472
697 4473
698 4474
699 4475
700 4476
701 4477
702 4478
703 4479
704 4480
705 4481
706 4482
707 4483
708 4484
709 4485
710 4486
711 4487
712 4488
713 4489
714 4490
715 4491
716 4492
717 4493
718 4494
719 4495
720 4496
721 4497
722 4498
723 4499
724 4500
725 4501
726 4502
727 4503
728 4504
729 4505
730 4506
731 4507
732 4508
733 4509
734 4510
735 4511
736 4512
737 4513
738 4514
739 4515
740 4516
741 4517
742 4518
743 4519
744 4520
745 4521
746 4522
747 4523
748 4524
749 4525
750 4526
751 4527
752 4528
753 4529
754 4530
755 4531
756 4532
757 4533
758 4534
759 4535
760 4536
761 4537
762 4538
763 4539
764 4540
765 4541
766 4543
767 4544
768 4545
769 4546
770 4547
771 4548
772 4549
773 4550
774 4551
775 4552
776 4553
777 4554
778 4555
779 4556
780 4557
781 4558
782 4559
783 4560
784 4561
785 4562
786 4563
787 4564
788 4565
789 4566
790 4567
791 4568
792 4569
793 4570
794 4571
795 4572
796 4573
797 4574
798 4575
799 4576
800 4577
801 4578
802 4580
803 4581
804 4584
805 4585
806 4586
807 4587
808 4588
809 4589
810 4590
811 4591
812 4592
813 4593
814 4594
815 4595
816 4596
817 4597
818 4598
819 4599
820 4600
821 4601
822 4602
823 4604
824 4605
825 4606
826 4607
827 4608
828 4609
829 4610
830 4612
831 4613
832 4614
833 4615
834 4616
835 4617
836 4618
837 4619
838 4620
839 4624
840 4625
841 4626
842 4627
843 4628
844 4629
845 4630
846 4631
847 4632
848 4633
849 4634
850 4635
851 4636
852 4637
853 4638
854 4639
855 4640
856 4641
857 4642
858 4643
859 4644
860 4645
861 4646
862 4647
863 4648
864 4649
865 4652
866 4653
867 4654
868 4655
869 4656
870 4657
871 4658
872 4659
873 4660
874 4661
875 4662
876 4663
877 4664
878 4665
879 4666
880 4667
881 4668
882 4669
883 4670
884 4671
885 4672
886 4673
887 4674
888 4675
889 4676
890 4677
891 4678
892 4680
893 4681
894 4682
895 4683
896 4684
897 4685
898 4686
899 4687
900 4688
901 4689
902 4690
903 4691
904 4692
905 4693
906 4694
907 4695
908 4696
909 4697
910 4698
911 4699
912 4700
913 4701
914 4702
915 4703
916 4704
917 4705
918 4707
919 4709
920 4712
921 4713
922 4714
923 4716
924 4717
925 4718
926 4719
927 4720
928 4721
929 4722
930 4723
931 4724
932 4725
933 4726
934 4727
935 4728
936 4729
937 4730
938 4731
939 4732
940 4734
941 4735
942 4736
943 4737
944 4738
945 4739
946 4740
947 4741
948 4742
949 4743
950 4744
951 4745
952 4746
953 4747
954 4748
955 4749
956 4750
957 4751
958 4752
959 4753
960 4754
961 4755
962 4756
963 4757
964 4758
965 4759
966 4760
967 4761
968 4762
969 4763
970 4764
971 4765
972 4766
973 4767
974 4768
975 4769
976 4770
977 4771
978 4772
979 4777
980 4778
981 4779
982 4780
983 4781
984 4782
985 4783
986 4784
987 4785
988 4786
989 4787
990 4788
991 4789
992 4790
993 4791
994 4792
995 4793
996 4796
997 4797
998 4799
999 4800
1000 4801
1001 4802
1002 4803
1003 4804
1004 4805
1005 4806
1006 4807
1007 4808
1008 4809
1009 4810
1010 4811
1011 4812
1012 4813
1013 4814
1014 4815
1015 4816
1016 4817
1017 4818
1018 4819
1019 4820
1020 4821
1021 4822
1022 4823
1023 4824
1024 4825
1025 4826
1026 4827
1027 4828
1028 4829
1029 4830
1030 4831
1031 4832
1032 4833
1033 4834
1034 4835
1035 4836
1036 4837
1037 4838
1038 4839
1039 4840
1040 4841
1041 4842
1042 4843
1043 4844
1044 4845
1045 4847
1046 4848
1047 4849
1048 4850
1049 4851
1050 4852
1051 4853
1052 4854
1053 4855
1054 4856
1055 4857
1056 4858
1057 4859
1058 4860
1059 4861
1060 4862
1061 4863
1062 4864
1063 4865
1064 4866
1065 4867
1066 4868
1067 4869
1068 4870
1069 4871
1070 4872
1071 4873
1072 4875
1073 4876
1074 4877
1075 4878
1076 4879
1077 4880
1078 4881
1079 4882
1080 4883
1081 4884
1082 4885
1083 4886
1084 4887
1085 4888
1086 4889
1087 4890
1088 4891
1089 4892
1090 4893
1091 4894
1092 4895
1093 4896
1094 4897
1095 4898
1096 4899
1097 4900
1098 4901
1099 4903
1100 4904
1101 4905
1102 4907
1103 4909
1104 4910
1105 4911
1106 4912
1107 4913
1108 4914
1109 4915
1110 4916
1111 4917
1112 4918
1113 4919
1114 4920
1115 4921
1116 4922
1117 4923
1118 4924
1119 4925
1120 4926
1121 4927
1122 4928
1123 4929
1124 4930
1125 4932
1126 4933
1127 4934
1128 4935
1129 4936
1130 4937
1131 4938
1132 4939
1133 4940
1134 4941
1135 4942
1136 4947
1137 4949
1138 4950
1139 4951
1140 4952
1141 4953
1142 4954
1143 4955
1144 4956
1145 4957
1146 4960
1147 4961
1148 4962
1149 4963
1150 4964
1151 4965
1152 4966
1153 4967
1154 4968
1155 4969
1156 4970
1157 4971
1158 4972
1159 4973
1160 4974
1161 4975
1162 4976
1163 4977
1164 4982
1165 4984
1166 4986
1167 4987
1168 4988
1169 4989
1170 4991
1171 4992
1172 4993
1173 4994
1174 4995
1175 4997
1176 4998
1177 4999
1178 5000
1179 5001
1180 5002
1181 5003
1182 5004
1183 5005
1184 5006
1185 5007
1186 5008
1187 5009
1188 5010
1189 5011
1190 5012
1191 5013
1192 5014
1193 5015
1194 5016
1195 5017
1196 5018
1197 5019
1198 5020
1199 5021
1200 5022
1201 5023
1202 5024
1203 5025
1204 5026
1205 5027
1206 5028
1207 5029
1208 5031
1209 5032
1210 5033
1211 5034
1212 5035
1213 5037
1214 5038
1215 5039
1216 5040
1217 5041
1218 5042
1219 5043
1220 5044
1221 5045
1222 5046
1223 5047
1224 5048
1225 5049
1226 5050
1227 5051
1228 5052
1229 5053
1230 5054
1231 5055
1232 5056
1233 5057
1234 5058
1235 5059
1236 5060
1237 5061
1238 5062
1239 5063
1240 5064
1241 5065
1242 5066
1243 5067
1244 5068
1245 5069
1246 5070
