1 5071
2 5072
3 5073
4 5074
5 5075
6 5076
7 5077
8 5078
9 5083
10 5084
11 5085
12 5086
13 5087
14 5088
15 5089
16 5091
17 5092
18 5093
19 5094
20 5095
21 5096
22 5097
23 5098
24 5099
25 5105
26 5106
27 5107
28 5108
29 5109
30 5111
31 5112
32 5113
33 5114
34 5116
35 5118
36 5120
37 5121
38 5123
39 5124
40 5125
41 5126
42 5127
43 5128
44 5129
45 5131
46 5134
47 5135
48 5136
49 5137
50 5138
51 5139
52 5145
53 5146
54 5147
55 5148
56 5149
57 5150
58 5152
59 5155
60 5157
61 5158
62 5159
63 5160
64 5161
65 5162
66 5166
67 5167
68 5168
69 5169
70 5170
71 5172
72 5173
73 5174
74 5175
75 5176
76 5177
77 5178
78 5181
79 5182
80 5183
81 5184
82 5185
83 5186
84 5187
85 5190
86 5192
87 5193
88 5195
89 5196
90 5197
91 5199
92 5201
93 5202
94 5203
95 5204
96 5205
97 5206
98 5207
99 5208
100 5209
101 5210
102 5211
103 5212
104 5213
105 5214
106 5215
107 5220
108 5221
109 5222
110 5223
111 5224
112 5225
113 5226
114 5228
115 5229
116 5230
117 5231
118 5232
119 5233
120 5235
121 5236
122 5239
123 5240
124 5241
125 5242
126 5244
127 5245
128 5247
129 5248
130 5249
131 5250
132 5251
133 5252
134 5253
135 5255
136 5256
137 5257
138 5258
139 5259
140 5260
141 5261
142 5262
143 5263
144 5264
145 5265
146 5267
147 5268
148 5269
149 5270
150 5271
151 5272
152 5273
153 5275
154 5276
155 5281
156 5282
157 5283
158 5284
159 5289
160 5290
161 5292
162 5293
163 5294
164 5295
165 5296
166 5298
167 5299
168 5301
169 5302
170 5304
171 5305
172 5306
173 5307
174 5308
175 5309
176 5310
177 5311
178 5312
179 5313
180 5314
181 5315
182 5316
183 5317
184 5318
185 5319
186 5320
187 5321
188 5322
189 5323
190 5324
191 5325
192 5326
193 5327
194 5328
195 5329
196 5331
197 5334
198 5335
199 5336
200 5337
201 5338
202 5339
203 5341
204 5342
205 5344
206 5345
207 5346
208 5347
209 5348
210 5349
211 5350
212 5351
213 5352
214 5353
215 5354
216 5355
217 5356
218 5357
219 5358
220 5359
221 5360
222 5361
223 5362
224 5363
225 5364
226 5365
227 5366
228 5368
229 5369
230 5370
231 5371
232 5372
233 5373
234 5375
235 5376
236 5377
237 5382
238 5383
239 5384
240 5385
241 5386
242 5387
243 5388
244 5389
245 5390
246 5392
247 5394
248 5395
249 5396
250 5398
251 5399
252 5401
253 5402
254 5403
255 5405
256 5406
257 5407
258 5408
259 5409
260 5410
261 5411
262 5414
263 5415
264 5418
265 5419
266 5420
267 5422
268 5424
269 5425
270 5426
271 5427
272 5428
273 5429
274 5430
275 5431
276 5433
277 5434
278 5435
279 5436
280 5437
281 5438
282 5439
283 5440
284 5441
285 5442
286 5443
287 5444
288 5445
289 5446
290 5447
291 5448
292 5449
293 5450
294 5451
295 5452
296 5453
297 5456
298 5460
299 5461
300 5463
301 5464
302 5465
303 5466
304 5468
305 5471
306 5472
307 5473
308 5474
309 5475
310 5476
311 5477
312 5479
313 5482
314 5483
315 5484
316 5485
317 5486
318 5487
319 5488
320 5491
321 5492
322 5493
323 5495
324 5496
325 5497
326 5498
327 5499
328 5500
329 5501
330 5502
331 5505
332 5506
333 5507
334 5508
335 5510
336 5511
337 5515
338 5516
339 5517
340 5518
341 5519
342 5520
343 5523
344 5525
345 5527
346 5528
347 5529
348 5531
349 5532
350 5533
351 5535
352 5537
353 5540
354 5541
355 5543
356 5544
357 5545
358 5546
359 5548
360 5549
361 5550
362 5551
363 5552
364 5553
365 5557
366 5559
367 5562
368 5563
369 5564
370 5565
371 5566
372 5567
373 5568
374 5569
375 5570
376 5571
377 5572
378 5573
379 5574
380 5575
381 5576
382 5579
383 5580
384 5581
385 5582
386 5583
387 5584
388 5585
389 5586
390 5587
391 5588
392 5589
393 5590
394 5591
395 5592
396 5593
397 5594
398 5595
399 5596
400 5597
401 5598
402 5599
403 5600
404 5602
405 5606
406 5607
407 5611
408 5613
409 5614
410 5615
411 5616
412 5617
413 5618
414 5619
415 5620
416 5621
417 5622
418 5623
419 5624
420 5626
421 5629
422 5630
423 5632
424 5634
425 5635
426 5636
427 5637
428 5638
429 5639
430 5640
431 5642
432 5644
433 5645
434 5647
435 5648
436 5649
437 5650
438 5651
439 5652
440 5653
441 5654
442 5655
443 5656
444 5657
445 5658
446 5659
447 5660
448 5661
449 5662
450 5663
451 5664
452 5665
453 5666
454 5668
455 5670
456 5671
457 5672
458 5673
459 5674
460 5675
461 5676
462 5677
463 5678
464 5679
465 5680
466 5684
467 5685
468 5694
469 5697
470 5698
471 5699
472 5700
473 5701
474 5702
475 5703
476 5704
477 5705
478 5706
479 5707
480 5708
481 5709
482 5710
483 5711
484 5712
485 5713
486 5714
487 5715
488 5716
489 5717
490 5718
491 5719
492 5720
493 5721
494 5724
495 5726
496 5728
497 5729
498 5730
499 5740
500 5741
501 5742
502 5743
503 5746
504 5747
505 5748
506 5749
507 5751
508 5753
509 5754
510 5755
511 5756
512 5757
513 5758
514 5760
515 5761
516 5763
517 5766
518 5769
519 5773
520 5774
521 5775
522 5776
523 5778
524 5779
525 5780
526 5781
527 5782
528 5783
529 5784
530 5785
531 5786
532 5787
533 5788
534 5789
535 5790
536 5791
537 5792
538 5793
539 5794
540 5795
541 5796
542 5797
543 5800
544 5801
545 5802
546 5804
547 5805
548 5806
549 5807
550 5808
551 5809
552 5810
553 5811
554 5812
555 5813
556 5814
557 5815
558 5816
559 5818
560 5819
561 5820
562 5821
563 5822
564 5824
565 5825
566 5829
567 5831
568 5832
569 5833
570 5834
571 5835
572 5836
573 5837
574 5838
575 5839
576 5840
577 5841
578 5843
579 5845
580 5846
581 5847
582 5848
583 5849
584 5850
585 5851
586 5852
587 5853
588 5854
589 5857
590 5858
591 5859
592 5860
593 5866
594 5868
595 5869
596 5870
597 5871
598 5872
599 5873
600 5875
601 5876
602 5877
603 5878
604 5879
605 5880
606 5881
607 5883
608 5884
609 5885
610 5886
611 5887
612 5888
613 5890
614 5891
615 5892
616 5896
617 5897
618 5898
619 5899
620 5900
621 5907
622 5908
623 5909
624 5911
625 5912
626 5913
627 5914
628 5915
629 5917
630 5926
631 5931
632 5932
633 5933
634 5934
635 5935
636 5936
637 5937
638 5939
639 5940
640 5941
641 5942
642 5943
643 5944
644 5946
645 5947
646 5948
647 5949
648 5955
649 5958
650 5961
651 5962
652 5963
653 5965
654 5966
655 5967
656 5974
657 5975
658 5976
659 5978
660 5979
661 5980
662 5981
663 5982
664 5983
665 5984
666 5985
667 5986
668 5988
669 5990
670 5991
671 5992
672 5993
673 5994
674 5995
675 5997
676 5998
677 5999
678 6000
679 6001
680 6002
681 6003
682 6004
683 6005
684 6006
685 6007
686 6008
687 6009
688 6010
689 6012
690 6013
691 6014
692 6015
693 6016
694 6017
695 6018
696 6019
697 6021
698 6022
699 6023
700 6024
701 6025
702 6026
703 6027
704 6028
705 6029
706 6030
707 6031
708 6033
709 6034
710 6035
711 6036
712 6037
713 6038
714 6039
715 6040
716 6041
717 6042
718 6043
719 6044
720 6045
721 6046
722 6047
723 6048
724 6049
725 6050
726 6051
727 6052
728 6054
729 6060
730 6061
731 6063
732 6064
733 6065
734 6066
735 6070
736 6072
737 6073
738 6074
739 6076
740 6078
741 6079
742 6080
743 6081
744 6084
745 6085
746 6091
747 6092
748 6094
749 6095
750 6096
751 6097
752 6098
753 6100
754 6101
755 6102
756 6103
757 6104
758 6105
759 6107
760 6109
761 6113
762 6120
763 6121
764 6125
765 6130
766 6132
767 6136
768 6140
769 6142
770 6143
771 6144
772 6146
773 6147
774 6148
775 6149
776 6152
777 6154
778 6155
779 6170
780 6172
781 6174
782 6175
783 6177
784 6178
785 6181
786 6191
787 6193
788 6194
789 6195
790 6196
791 6197
792 6198
793 6199
794 6200
795 6202
796 6203
797 6204
798 6205
799 6206
800 6207
801 6209
802 6210
803 6211
804 6213
805 6214
806 6215
807 6216
808 6220
809 6228
810 6230
811 6231
812 6232
813 6233
814 6235
815 6236
816 6237
817 6238
818 6239
819 6240
820 6243
821 6244
822 6245
823 6249
824 6250
825 6252
826 6253
827 6254
828 6255
829 6256
830 6257
831 6258
832 6260
833 6263
834 6266
835 6271
836 6273
837 6275
838 6276
839 6277
840 6278
841 6279
842 6280
843 6281
844 6282
845 6283
846 6286
847 6287
848 6288
849 6289
850 6290
851 6291
852 6292
853 6293
854 6294
855 6296
856 6297
857 6298
858 6299
859 6301
860 6302
861 6303
862 6304
863 6305
864 6306
865 6309
866 6311
867 6313
868 6314
869 6315
870 6319
871 6320
872 6321
873 6323
874 6324
875 6325
876 6327
877 6328
878 6329
879 6330
880 6331
881 6332
882 6333
883 6334
884 6336
885 6337
886 6338
887 6339
888 6340
889 6341
890 6342
891 6343
892 6350
893 6351
894 6352
895 6353
896 6356
897 6358
898 6361
899 6362
900 6363
901 6364
902 6368
903 6369
904 6372
905 6373
906 6377
907 6378
908 6381
909 6384
910 6385
911 6386
912 6388
913 6389
914 6390
915 6391
916 6392
917 6393
918 6397
919 6398
920 6399
921 6400
922 6403
923 6404
924 6407
925 6408
926 6409
927 6410
928 6411
929 6412
930 6415
931 6416
932 6417
933 6418
934 6419
935 6420
936 6421
937 6422
938 6427
939 6430
940 6432
941 6433
942 6436
943 6438
944 6439
945 6443
946 6444
947 6445
948 6446
949 6447
950 6448
951 6449
952 6450
953 6452
954 6453
955 6454
956 6455
957 6456
958 6457
959 6458
960 6459
961 6460
962 6461
963 6462
964 6463
965 6465
966 6466
967 6468
968 6469
969 6470
970 6471
971 6472
972 6473
973 6475
974 6476
975 6477
976 6478
977 6479
978 6481
979 6483
980 6484
981 6485
982 6486
983 6487
984 6490
985 6491
986 6492
987 6494
988 6495
989 6496
990 6497
991 6498
992 6500
993 6502
994 6505
995 6507
996 6511
997 6513
998 6514
999 6515
1000 6516
1001 6517
1002 6518
1003 6519
1004 6520
1005 6521
1006 6522
1007 6523
1008 6524
1009 6526
1010 6528
1011 6530
1012 6531
1013 6532
1014 6533
1015 6535
1016 6536
1017 6537
1018 6538
1019 6539
1020 6540
1021 6541
1022 6542
1023 6543
1024 6544
1025 6545
1026 6546
1027 6547
1028 6548
1029 6550
1030 6551
1031 6552
1032 6553
1033 6554
1034 6555
1035 6556
1036 6557
1037 6558
1038 6560
1039 6563
1040 6564
1041 6565
1042 6567
1043 6568
1044 6569
1045 6572
1046 6574
1047 6575
1048 6580
1049 6581
1050 6582
1051 6583
1052 6584
1053 6585
1054 6587
1055 6588
1056 6590
1057 6591
1058 6594
1059 6596
1060 6599
1061 6602
1062 6603
1063 6605
1064 6608
1065 6612
1066 6614
1067 6615
1068 6619
1069 6620
1070 6621
1071 6623
1072 6628
1073 6629
1074 6630
1075 6631
1076 6634
1077 6638
1078 6640
1079 6641
1080 6642
