1 832
2 834
3 837
4 838
5 840
6 843
7 844
8 845
9 847
10 848
11 849
12 850
13 851
14 852
15 853
16 854
17 855
18 861
19 862
20 863
21 864
22 865
23 866
24 867
25 868
26 869
27 870
28 871
29 873
30 874
31 875
32 876
33 877
34 879
35 880
36 881
37 882
38 884
39 885
40 887
41 888
42 889
43 891
44 892
45 894
46 896
47 897
48 898
49 899
50 900
51 901
52 902
53 903
54 905
55 906
56 909
57 912
58 913
59 914
60 917
61 918
62 926
63 929
64 930
65 931
66 934
67 936
68 937
69 938
70 939
71 945
72 946
73 947
74 948
75 949
76 950
77 951
78 952
79 953
80 958
81 977
82 978
83 981
84 982
85 986
86 987
87 997
88 1000
89 1001
90 1005
91 1006
92 1010
93 1011
94 1012
95 1013
96 1016
97 1017
98 1019
99 1020
100 1021
101 1022
102 1028
103 1031
104 1036
105 1039
106 1042
107 1044
108 1045
109 1047
110 1054
111 1055
112 1057
113 1058
114 1059
115 1062
116 1063
117 1064
118 1065
119 1066
120 1068
121 1069
122 1070
123 1071
124 1072
125 1073
126 1074
127 1075
128 1076
129 1077
130 1078
131 1084
132 1085
133 1086
134 1087
135 1088
136 1089
137 1092
138 1096
139 1097
140 1098
141 1100
142 1102
143 1103
144 1106
145 1107
146 1108
147 1109
148 1110
149 1111
150 1112
151 1113
152 1121
153 1122
154 1123
155 1124
156 1126
157 1127
158 1128
159 1130
160 1131
161 1132
162 1133
163 1136
164 1137
165 1138
166 1146
167 1148
168 1153
169 1154
170 1155
171 1156
172 1157
173 1158
174 1162
175 1172
176 1173
177 1174
178 1177
179 1181
180 1182
181 1186
182 1195
183 1202
184 1205
185 1206
186 1207
187 1208
188 1209
189 1210
190 1211
191 1212
192 1214
193 1215
194 1216
195 1222
196 1223
197 1225
198 1226
199 1227
200 1228
201 1229
202 1232
203 1233
204 1234
205 1235
206 1239
207 1242
208 1243
209 1244
210 1246
211 1247
212 1251
213 1255
214 1263
215 1264
216 1265
217 1266
218 1268
219 1270
220 1271
221 1272
222 1275
223 1276
224 1277
225 1278
226 1279
227 1280
228 1281
229 1282
230 1283
231 1284
232 1285
233 1286
234 1287
235 1288
236 1289
237 1290
238 1291
239 1292
240 1293
241 1294
242 1295
243 1297
244 1301
245 1302
246 1303
247 1304
248 1305
249 1306
250 1307
251 1308
252 1309
253 1310
254 1312
255 1315
256 1316
257 1317
258 1318
259 1320
260 1321
261 1322
262 1323
263 1331
264 1332
265 1333
266 1334
267 1336
268 1360
269 1361
270 1362
271 1363
272 1364
273 1365
274 1366
275 1367
276 1368
277 1369
278 1370
279 1371
280 1372
281 1373
282 1374
283 1375
284 1376
285 1383
286 1384
287 1385
288 1386
289 1387
290 1388
291 1389
292 1390
293 1391
294 1392
295 1393
296 1395
297 1396
298 1397
299 1399
300 1402
301 1403
302 1404
303 1406
304 1407
305 1410
306 1411
307 1412
308 1413
309 1414
310 1415
311 1417
312 1418
313 1419
314 1425
315 1427
316 1429
317 1431
318 1432
319 1433
320 1435
321 1436
322 1437
323 1438
324 1439
325 1442
326 1443
327 1444
328 1445
329 1450
330 1452
331 1460
332 1463
333 1471
334 1475
335 1479
336 1481
337 1482
338 1485
339 1492
340 1494
341 1500
342 1501
343 1502
344 1503
345 1507
346 1508
347 1509
348 1510
349 1511
350 1512
351 1513
352 1514
353 1516
354 1517
355 1545
356 1547
357 1549
358 1551
359 1553
360 1554
361 1557
362 1558
363 1559
364 1560
365 1561
366 1563
367 1564
368 1568
369 1569
370 1570
371 1573
372 1574
373 1575
374 1576
375 1579
376 1581
377 1582
378 1583
379 1589
380 1591
381 1595
382 1596
383 1597
384 1598
385 1599
386 1602
387 1603
388 1606
389 1607
390 1611
391 1613
392 1616
393 1619
394 1621
395 1625
396 1631
397 1632
398 1633
399 1634
400 1635
401 1637
402 1638
403 1643
404 1648
405 1649
406 1650
407 1651
408 1658
409 1661
410 1663
411 1665
412 1666
413 1667
414 1668
415 1669
416 1670
417 1671
418 1672
419 1673
420 1674
421 1675
422 1680
423 1681
424 1682
425 1683
426 1685
427 1687
428 1692
429 1693
430 1694
431 1695
432 1696
433 1697
434 1698
435 1702
436 1703
437 1716
438 1720
439 1721
440 1722
441 1723
442 1724
443 1726
444 1727
445 1728
446 1729
447 1730
448 1731
449 1732
450 1733
451 1734
452 1735
453 1736
454 1737
455 1738
456 1739
457 1740
458 1741
459 1742
460 1743
461 1744
462 1745
463 1746
464 1747
465 1748
466 1749
467 1750
468 1751
469 1752
470 1753
471 1754
472 1755
473 1756
474 1758
475 1759
476 1760
477 1761
478 1762
479 1763
480 1778
481 1779
482 1783
483 1788
484 1789
485 1791
486 1794
487 1795
488 1796
489 1797
490 1798
491 1799
492 1801
493 1802
494 1803
495 1805
496 1806
497 1808
498 1809
499 1810
500 1811
501 1812
502 1813
503 1815
504 1816
505 1817
506 1819
507 1820
508 1822
509 1824
510 1825
511 1835
512 1837
513 1838
514 1839
515 1840
516 1841
517 1856
518 1857
519 1858
520 1859
521 1860
522 1861
523 1865
524 1866
525 1867
526 1869
527 1870
528 1871
529 1872
530 1873
531 1875
532 1876
533 1877
534 1878
535 1881
536 1882
537 1883
538 1884
539 1885
540 1889
541 1890
542 1891
543 1893
544 1894
545 1898
546 1900
547 1901
548 1902
549 1904
550 1905
551 1906
552 1907
553 1908
554 1909
555 1910
556 1911
557 1913
558 1914
559 1915
560 1916
561 1917
562 1918
563 1919
564 1920
565 1922
566 1923
567 1926
568 1927
569 1928
570 1929
571 1930
572 1931
573 1932
574 1933
575 1934
576 1935
577 1936
578 1937
579 1938
580 1939
581 1940
582 1941
583 1942
584 1943
585 1944
586 1945
587 1946
588 1947
589 1948
590 1949
591 1950
592 1953
593 1958
594 1959
595 1965
596 1967
597 1972
598 1975
599 1976
600 1977
601 1978
602 1979
603 1980
604 1981
605 1982
606 1983
607 1984
608 1985
609 1986
610 1987
611 1988
612 1989
613 1990
614 1992
615 1993
616 1994
617 1995
618 1996
619 1997
620 1998
621 1999
622 2000
623 2001
624 2002
625 2003
626 2007
627 2008
628 2009
629 2010
630 2011
631 2012
632 2013
633 2014
634 2015
635 2016
636 2018
637 2020
638 2021
639 2023
640 2024
641 2026
642 2052
643 2054
644 2057
645 2058
646 2059
647 2060
648 2061
649 2063
650 2064
651 2065
652 2067
653 2068
654 2069
655 2070
656 2072
657 2073
658 2077
659 2078
660 2079
661 2081
662 2082
663 2085
664 2086
665 2087
666 2088
667 2089
668 2090
669 2091
670 2092
671 2093
672 2095
673 2096
674 2097
675 2100
676 2101
677 2102
678 2103
679 2105
680 2112
681 2114
682 2116
683 2117
684 2118
685 2119
686 2120
687 2121
688 2122
689 2123
690 2124
691 2125
692 2126
693 2127
694 2128
695 2130
696 2132
697 2133
698 2174
699 2181
700 2182
701 2185
702 2186
703 2187
704 2278
705 2288
706 2289
707 2290
708 2291
709 2293
710 2295
711 2296
712 2297
713 2300
714 2301
715 2302
716 2303
717 2304
718 2305
719 2307
720 2308
721 2312
722 2314
723 2315
724 2316
725 2317
726 2320
727 2327
728 2329
729 2330
730 2331
731 2332
732 2333
733 2334
734 2335
735 2336
736 2337
737 2338
738 2339
739 2340
740 2341
741 2344
742 2355
743 2358
744 2359
745 2360
746 2363
747 2364
748 2365
749 2367
750 2368
751 2369
752 2371
753 2374
754 2375
755 2379
756 2381
757 2382
758 2383
759 2384
760 2387
761 2388
762 2389
763 2390
764 2391
765 2392
766 2393
767 2395
768 2397
769 2398
770 2399
771 2400
772 2402
773 2403
774 2404
775 2405
776 2406
777 2407
778 2409
779 2410
780 2411
781 2412
782 2413
783 2414
784 2415
785 2417
786 2426
787 2427
788 2430
789 2433
790 2435
791 2436
792 2439
793 2441
794 2442
795 2443
796 2446
797 2447
798 2451
799 2452
800 2453
801 2454
802 2455
803 2458
804 2459
805 2460
806 2461
807 2462
808 2463
809 2464
810 2467
811 2470
812 2471
813 2472
814 2473
815 2474
816 2475
817 2476
818 2477
819 2478
820 2479
821 2480
822 2481
823 2483
824 2484
825 2486
826 2487
827 2488
828 2489
829 2490
830 2491
831 2492
832 2493
833 2494
834 2495
835 2496
836 2500
837 2501
838 2503
839 2504
840 2505
841 2509
842 2510
843 2511
844 2512
845 2513
846 2514
847 2515
848 2516
849 2517
850 2518
851 2519
852 2520
853 2521
854 2522
855 2523
856 2524
857 2525
858 2526
859 2527
860 2528
861 2529
862 2530
863 2531
864 2532
865 2533
866 2535
867 2538
868 2539
869 2540
870 2541
871 2542
872 2543
873 2544
874 2545
875 2547
876 2548
877 2549
878 2550
879 2551
880 2552
881 2553
882 2554
883 2555
884 2556
885 2557
886 2558
887 2559
888 2560
889 2561
890 2562
891 2563
892 2564
893 2565
894 2566
895 2567
896 2568
897 2569
898 2570
899 2571
900 2572
901 2573
902 2574
903 2575
904 2576
905 2577
906 2578
907 2579
908 2580
909 2581
910 2582
911 2583
912 2584
913 2585
914 2586
915 2588
916 2593
917 2595
918 2596
919 2598
920 2600
921 2601
922 2602
923 2603
924 2604
925 2605
926 2606
927 2607
928 2608
929 2609
930 2610
931 2612
932 2613
933 2614
934 2615
935 2616
936 2617
937 2618
938 2619
939 2620
940 2621
941 2622
942 2623
943 2624
944 2625
945 2626
946 2627
947 2629
948 2631
949 2634
950 2635
951 2638
952 2639
953 2640
954 2641
955 2642
956 2643
957 2644
958 2645
959 2646
960 2647
961 2648
962 2649
963 2650
964 2651
965 2652
966 2653
967 2654
968 2655
969 2656
970 2657
971 2658
972 2659
973 2660
974 2661
975 2663
976 2664
977 2665
978 2666
979 2667
980 2668
981 2669
982 2671
983 2676
984 2679
985 2680
986 2682
987 2684
988 2689
989 2690
990 2691
991 2692
992 2693
993 2696
994 2699
995 2702
996 2706
997 2710
998 2711
999 2712
1000 2713
1001 2715
1002 2716
1003 2717
1004 2718
1005 2719
1006 2720
1007 2721
1008 2722
1009 2723
1010 2725
1011 2726
1012 2727
1013 2728
1014 2730
1015 2732
1016 2733
1017 2734
1018 2735
1019 2736
1020 2737
1021 2738
1022 2739
1023 2740
1024 2741
1025 2743
1026 2744
1027 2745
1028 2746
1029 2747
1030 2748
1031 2749
1032 2750
1033 2753
1034 2757
1035 2758
1036 2759
1037 2760
1038 2761
1039 2762
1040 2763
1041 2764
1042 2765
1043 2766
1044 2767
1045 2769
1046 2773
1047 2774
1048 2775
1049 2776
1050 2777
1051 2778
1052 2779
1053 2781
1054 2782
1055 2783
1056 2784
1057 2790
1058 2791
1059 2792
1060 2793
1061 2794
1062 2795
1063 2796
1064 2797
1065 2798
1066 2799
1067 2800
1068 2801
1069 2803
1070 2805
1071 2806
1072 2807
1073 2808
1074 2809
1075 2810
1076 2811
1077 2812
1078 2813
1079 2814
1080 2815
1081 2816
1082 2817
1083 2818
1084 2819
1085 2820
1086 2821
1087 2822
1088 2823
1089 2824
1090 2825
1091 2826
1092 2830
1093 2831
1094 2832
1095 2836
1096 2837
1097 2838
1098 2839
1099 2840
1100 2841
1101 2842
1102 2843
1103 2844
1104 2845
1105 2846
1106 2847
1107 2848
1108 2850
1109 2851
1110 2855
1111 2856
1112 2857
1113 2858
1114 2859
1115 2860
1116 2861
1117 2862
1118 2863
1119 2864
1120 2865
1121 2866
1122 2867
1123 2868
1124 2869
1125 2871
1126 2874
1127 2875
1128 2876
1129 2877
1130 2878
1131 2879
1132 2880
1133 2881
1134 2882
1135 2883
1136 2884
1137 2885
1138 2886
1139 2887
1140 2888
1141 2889
1142 2890
1143 2891
1144 2892
1145 2893
1146 2894
1147 2895
1148 2896
1149 2898
1150 2900
1151 2901
1152 2902
1153 2904
1154 2905
1155 2906
1156 2907
1157 2909
1158 2910
1159 2911
1160 2912
1161 2913
1162 2914
1163 2915
1164 2916
1165 2917
1166 2918
1167 2919
1168 2920
1169 2921
1170 2922
1171 2923
1172 2924
1173 2925
1174 2926
1175 2927
1176 2928
1177 2929
1178 2930
1179 2931
1180 2932
1181 2933
1182 2934
1183 2935
1184 2936
1185 2937
1186 2938
1187 2939
1188 2940
1189 2941
1190 2942
1191 2943
1192 2944
1193 2947
1194 2948
1195 2949
1196 2950
1197 2951
1198 2952
1199 2953
1200 2954
1201 2955
1202 2956
1203 2957
1204 2958
1205 2959
1206 2960
1207 2961
1208 2962
1209 2963
1210 2964
1211 2965
1212 2966
1213 2967
1214 2968
1215 2970
1216 2971
1217 2972
1218 2973
1219 2974
1220 2975
1221 2976
1222 2977
1223 2978
1224 2979
1225 2980
1226 2981
1227 2982
1228 2983
1229 2984
1230 2985
1231 2986
1232 2987
1233 2988
1234 2989
1235 2990
1236 2991
1237 2999
1238 3000
1239 3001
1240 3002
1241 3003
1242 3004
1243 3006
1244 3007
1245 3008
1246 3009
1247 3010
1248 3011
1249 3012
1250 3013
1251 3015
1252 3016
1253 3021
1254 3022
1255 3023
1256 3024
1257 3025
1258 3026
1259 3027
1260 3028
1261 3029
1262 3030
1263 3031
1264 3032
1265 3033
1266 3034
1267 3035
1268 3036
1269 3037
1270 3038
1271 3039
1272 3045
1273 3046
1274 3047
1275 3048
1276 3049
1277 3050
1278 3051
1279 3052
1280 3053
1281 3054
1282 3056
1283 3057
1284 3058
1285 3059
1286 3060
1287 3061
1288 3062
1289 3064
1290 3065
1291 3066
1292 3067
1293 3068
1294 3069
1295 3070
1296 3071
1297 3072
1298 3074
1299 3075
1300 3076
1301 3077
1302 3081
1303 3082
1304 3083
1305 3084
1306 3085
1307 3086
1308 3087
1309 3088
1310 3089
1311 3090
1312 3091
1313 3092
1314 3093
1315 3094
1316 3095
1317 3096
1318 3097
1319 3098
1320 3099
1321 3100
1322 3101
1323 3103
1324 3105
1325 3106
1326 3107
1327 3108
1328 3109
1329 3110
1330 3111
1331 3112
1332 3113
1333 3114
1334 3115
1335 3116
1336 3117
1337 3118
1338 3119
1339 3120
1340 3121
1341 3122
1342 3123
1343 3124
1344 3125
1345 3126
1346 3127
1347 3128
1348 3129
1349 3130
1350 3131
1351 3132
1352 3135
1353 3136
1354 3137
1355 3138
1356 3139
1357 3140
1358 3141
1359 3142
1360 3143
1361 3144
1362 3145
1363 3146
1364 3147
1365 3148
1366 3149
1367 3150
1368 3151
1369 3152
1370 3153
1371 3154
1372 3155
1373 3156
1374 3157
1375 3159
1376 3160
1377 3161
1378 3162
1379 3163
1380 3164
1381 3165
1382 3166
1383 3167
1384 3168
1385 3169
1386 3170
1387 3171
1388 3172
1389 3173
1390 3174
1391 3175
1392 3176
1393 3177
1394 3178
1395 3179
1396 3180
1397 3181
1398 3182
1399 3183
1400 3185
1401 3186
1402 3187
1403 3188
1404 3189
1405 3190
1406 3192
1407 3193
1408 3194
1409 3195
1410 3196
1411 3197
1412 3198
1413 3199
1414 3200
1415 3201
1416 3202
1417 3203
1418 3204
1419 3205
1420 3206
1421 3207
1422 3208
1423 3209
1424 3210
1425 3211
1426 3212
1427 3213
1428 3214
1429 3215
1430 3216
1431 3217
1432 3218
1433 3219
1434 3220
1435 3221
1436 3222
1437 3223
1438 3224
1439 3225
1440 3226
1441 3227
1442 3228
1443 3229
1444 3230
1445 3231
1446 3232
1447 3233
1448 3234
1449 3235
1450 3236
1451 3237
1452 3238
1453 3239
1454 3240
1455 3241
1456 3242
1457 3243
1458 3244
1459 3245
1460 3246
1461 3247
1462 3248
1463 3249
1464 3250
1465 3251
1466 3252
1467 3255
1468 3257
1469 3258
1470 3259
1471 3260
1472 3261
1473 3262
1474 3263
1475 3264
1476 3265
1477 3266
1478 3267
1479 3268
1480 3269
1481 3270
1482 3271
1483 3272
1484 3273
1485 3274
1486 3275
1487 3276
1488 3277
1489 3280
1490 3281
1491 3282
1492 3283
1493 3284
1494 3285
1495 3286
1496 3287
1497 3288
1498 3289
1499 3290
1500 3291
1501 3292
1502 3293
1503 3294
1504 3295
1505 3296
1506 3297
1507 3298
1508 3299
1509 3300
1510 3301
1511 3302
1512 3303
1513 3304
1514 3305
1515 3306
1516 3307
1517 3308
1518 3309
1519 3310
1520 3311
1521 3312
1522 3313
1523 3314
1524 3315
1525 3316
1526 3317
1527 3318
1528 3319
1529 3320
1530 3321
1531 3322
1532 3323
1533 3324
1534 3325
1535 3326
1536 3327
1537 3328
1538 3329
1539 3330
1540 3331
1541 3332
1542 3333
1543 3334
1544 3335
1545 3336
1546 3337
1547 3338
1548 3339
1549 3340
1550 3341
1551 3342
1552 3343
1553 3344
1554 3345
1555 3346
1556 3347
1557 3348
1558 3349
1559 3350
1560 3351
1561 3352
1562 3353
1563 3354
1564 3355
1565 3356
1566 3357
1567 3358
1568 3359
1569 3360
1570 3361
1571 3363
1572 3364
1573 3365
1574 3366
1575 3367
1576 3368
1577 3369
1578 3370
1579 3371
1580 3372
1581 3373
1582 3374
1583 3375
1584 3376
1585 3377
1586 3378
1587 3379
1588 3381
1589 3382
1590 3383
1591 3384
1592 3385
1593 3386
1594 3387
1595 3388
1596 3389
1597 3390
1598 3391
1599 3392
1600 3393
1601 3394
1602 3395
1603 3396
1604 3397
1605 3398
1606 3399
1607 3400
1608 3403
1609 3404
1610 3405
1611 3406
1612 3407
1613 3408
1614 3409
1615 3410
1616 3411
1617 3412
1618 3413
1619 3414
1620 3415
1621 3416
1622 3417
1623 3418
1624 3419
1625 3420
1626 3421
1627 3423
1628 3424
1629 3425
1630 3426
1631 3427
1632 3428
1633 3430
1634 3431
1635 3432
1636 3433
1637 3434
1638 3435
1639 3436
1640 3437
1641 3438
1642 3439
1643 3440
1644 3441
1645 3442
1646 3443
1647 3444
1648 3445
1649 3446
1650 3447
1651 3448
1652 3449
1653 3450
1654 3451
1655 3452
1656 3453
1657 3454
1658 3455
1659 3456
1660 3457
1661 3458
1662 3459
1663 3460
1664 3461
1665 3462
1666 3463
1667 3464
1668 3465
1669 3466
1670 3467
1671 3468
1672 3469
1673 3470
1674 3471
1675 3472
1676 3473
1677 3474
1678 3475
1679 3476
1680 3477
1681 3478
1682 3479
1683 3480
1684 3481
1685 3482
1686 3483
1687 3484
1688 3485
1689 3486
1690 3487
1691 3489
1692 3490
1693 3491
1694 3492
1695 3494
1696 3495
1697 3497
1698 3498
1699 3499
1700 3500
1701 3501
1702 3502
1703 3503
1704 3504
1705 3505
1706 3506
1707 3507
1708 3508
1709 3509
1710 3510
1711 3511
1712 3512
1713 3513
1714 3514
1715 3515
1716 3516
1717 3517
1718 3518
1719 3519
1720 3520
1721 3521
1722 3522
1723 3523
1724 3524
1725 3525
1726 3526
1727 3527
1728 3528
1729 3529
1730 3530
1731 3531
1732 3532
1733 3533
1734 3534
1735 3535
1736 3536
1737 3537
1738 3538
1739 3539
1740 3540
1741 3541
1742 3542
1743 3543
1744 3544
1745 3545
1746 3546
1747 3547
1748 3548
1749 3549
1750 3550
1751 3551
1752 3552
1753 3554
1754 3555
1755 3556
1756 3557
1757 3558
1758 3559
1759 3560
1760 3561
1761 3562
1762 3563
1763 3564
1764 3568
1765 3570
1766 3571
1767 3572
1768 3573
1769 3574
1770 3575
1771 3576
1772 3577
1773 3578
1774 3579
1775 3580
1776 3581
1777 3582
1778 3583
1779 3584
1780 3585
1781 3586
1782 3587
1783 3588
1784 3589
1785 3590
1786 3591
1787 3592
1788 3593
1789 3594
1790 3595
1791 3597
1792 3598
1793 3599
1794 3601
1795 3602
1796 3603
1797 3604
1798 3605
1799 3606
1800 3607
1801 3608
1802 3609
1803 3612
1804 3613
1805 3614
1806 3615
1807 3616
1808 3617
1809 3618
1810 3619
1811 3620
1812 3628
1813 3630
1814 3631
1815 3632
1816 3633
1817 3634
1818 3635
1819 3639
1820 3641
1821 3642
1822 3643
1823 3644
1824 3645
1825 3646
1826 3647
1827 3648
1828 3649
1829 3650
1830 3651
1831 3652
1832 3653
1833 3654
1834 3655
1835 3656
1836 3659
1837 3660
1838 3661
1839 3662
1840 3663
1841 3664
1842 3665
1843 3666
1844 3667
1845 3668
1846 3669
1847 3670
1848 3671
1849 3672
1850 3673
1851 3674
1852 3675
1853 3676
1854 3678
1855 3679
1856 3680
1857 3681
1858 3682
1859 3683
1860 3684
1861 3685
1862 3686
1863 3687
1864 3688
1865 3689
1866 3690
1867 3691
1868 3692
1869 3693
1870 3694
1871 3695
1872 3696
1873 3697
1874 3698
1875 3699
1876 3700
1877 3701
1878 3702
1879 3704
1880 3705
1881 3706
1882 3707
1883 3708
1884 3709
1885 3710
1886 3711
1887 3712
1888 3713
1889 3714
1890 3715
1891 3716
1892 3717
1893 3718
1894 3719
1895 3720
1896 3721
1897 3722
1898 3723
1899 3724
1900 3725
1901 3726
1902 3727
1903 3728
1904 3729
1905 3730
1906 3731
1907 3733
1908 3734
1909 3735
1910 3736
1911 3737
1912 3738
1913 3739
1914 3740
1915 3741
1916 3742
1917 3743
1918 3744
1919 3745
1920 3746
1921 3747
1922 3748
1923 3749
1924 3750
1925 3751
1926 3752
1927 3753
1928 3754
1929 3755
1930 3756
1931 3757
1932 3758
1933 3759
1934 3760
1935 3761
1936 3762
1937 3765
1938 3769
1939 3770
1940 3771
1941 3772
1942 3773
1943 3774
1944 3775
1945 3776
1946 3777
1947 3778
1948 3779
1949 3780
1950 3781
1951 3782
1952 3783
1953 3784
1954 3785
1955 3786
1956 3787
1957 3788
1958 3789
1959 3790
1960 3791
1961 3792
1962 3793
1963 3794
1964 3795
1965 3796
1966 3797
1967 3798
1968 3799
1969 3800
1970 3801
1971 3802
1972 3803
1973 3804
1974 3805
1975 3806
1976 3807
1977 3808
1978 3810
1979 3811
1980 3812
1981 3813
1982 3814
1983 3815
1984 3817
1985 3818
1986 3819
1987 3820
1988 3821
1989 3822
1990 3823
1991 3824
1992 3825
1993 3826
1994 3827
1995 3828
1996 3829
1997 3830
1998 3831
1999 3832
2000 3833
2001 3834
2002 3835
2003 3836
2004 3837
2005 3838
2006 3839
2007 3840
2008 3842
2009 3843
2010 3844
2011 3845
2012 3846
2013 3847
2014 3848
2015 3849
2016 3852
2017 3853
2018 3854
2019 3855
2020 3856
2021 3857
2022 3858
2023 3859
2024 3860
2025 3861
2026 3862
2027 3863
2028 3864
2029 3865
2030 3866
2031 3867
2032 3868
2033 3869
2034 3872
2035 3873
2036 3874
2037 3875
2038 3876
2039 3877
2040 3878
2041 3879
2042 3881
2043 3882
2044 3883
2045 3884
2046 3885
2047 3886
2048 3887
2049 3888
2050 3890
2051 3891
2052 3894
2053 3896
2054 3897
2055 3898
2056 3899
2057 3900
2058 3901
2059 3902
2060 3903
2061 3904
2062 3905
2063 3907
2064 3908
2065 3914
2066 3915
2067 3916
2068 3917
2069 3918
2070 3919
2071 3920
2072 3922
2073 3923
2074 3924
2075 3925
2076 3926
2077 3927
2078 3928
2079 3929
2080 3930
2081 3931
2082 3933
2083 3934
2084 3935
2085 3936
2086 3937
2087 3938
2088 3939
2089 3943
2090 3944
2091 3945
2092 3946
2093 3948
2094 3950
2095 3951
2096 3952
2097 3953
2098 3954
2099 3955
2100 3956
2101 3957
2102 3958
2103 3959
2104 3962
2105 3963
2106 3966
2107 3967
2108 3970
2109 3971
2110 3974
2111 3977
2112 3978
2113 3979
2114 3980
2115 3981
2116 3982
2117 3983
2118 3985
2119 3986
2120 3988
2121 3989
2122 3990
2123 3991
2124 3992
2125 3993
2126 3994
2127 3995
2128 3997
2129 3998
2130 4001
2131 4002
2132 4003
2133 4005
2134 4006
2135 4007
2136 4008
2137 4013
2138 4014
2139 4015
2140 4016
2141 4018
2142 4019
2143 4020
2144 4021
2145 4022
2146 4023
2147 4024
2148 4025
2149 4026
2150 4027
2151 4028
2152 4029
2153 4030
2154 4031
2155 4036
2156 4037
2157 4038
2158 4039
2159 4040
2160 4041
2161 4042
2162 4043
2163 4045
2164 4046
2165 4047
2166 4048
2167 4051
2168 4052
2169 4054
2170 4056
2171 4057
2172 4058
2173 4059
2174 4060
2175 4062
2176 4063
2177 4064
2178 4065
2179 4066
2180 4067
2181 4068
2182 4069
2183 4070
2184 4071
2185 4072
2186 4074
2187 4075
2188 4076
2189 4077
2190 4078
2191 4079
2192 4080
2193 4081
2194 4082
2195 4084
2196 4086
2197 4087
2198 4088
2199 4089
2200 4090
2201 4091
2202 4092
2203 4094
2204 4095
2205 4099
2206 4100
2207 4101
2208 4102
2209 4107
2210 4109
2211 4111
2212 4112
2213 4113
2214 4114
2215 4115
2216 4117
2217 4118
2218 4119
2219 4121
2220 4122
2221 4123
2222 4124
2223 4125
2224 4126
2225 4127
2226 4128
2227 4129
2228 4130
2229 4131
2230 4132
2231 4133
2232 4134
2233 4135
2234 4136
2235 4137
2236 4138
2237 4139
2238 4140
2239 4141
2240 4142
2241 4143
2242 4144
2243 4145
2244 4146
2245 4147
2246 4148
2247 4150
2248 4153
2249 4154
2250 4155
2251 4156
2252 4158
2253 4159
2254 4160
2255 4162
2256 4163
2257 4164
2258 4165
2259 4166
2260 4167
2261 4168
2262 4169
2263 4170
2264 4171
2265 4172
2266 4173
2267 4174
2268 4175
2269 4176
2270 4177
2271 4178
2272 4179
2273 4181
2274 4182
2275 4183
2276 4184
2277 4186
2278 4187
2279 4188
2280 4189
2281 4190
2282 4191
2283 4194
2284 4199
2285 4200
2286 4201
2287 4202
2288 4203
2289 4204
2290 4205
2291 4206
2292 4207
2293 4208
2294 4210
2295 4212
2296 4213
2297 4214
2298 4215
2299 4216
2300 4218
2301 4219
2302 4221
2303 4223
2304 4224
2305 4225
2306 4226
2307 4229
2308 4230
2309 4231
2310 4232
2311 4233
2312 4234
2313 4235
2314 4236
2315 4238
2316 4239
2317 4240
2318 4242
2319 4243
2320 4244
2321 4245
2322 4246
2323 4247
2324 4248
2325 4249
2326 4250
2327 4251
2328 4252
2329 4254
2330 4255
2331 4256
2332 4257
2333 4258
2334 4259
2335 4260
2336 4261
2337 4262
2338 4263
2339 4264
2340 4265
2341 4266
2342 4267
2343 4270
2344 4271
2345 4276
2346 4277
2347 4278
2348 4281
2349 4282
2350 4284
2351 4285
2352 4287
2353 4288
2354 4289
2355 4290
2356 4292
2357 4293
2358 4294
2359 4295
2360 4296
2361 4299
2362 4300
2363 4301
2364 4302
2365 4303
2366 4304
2367 4305
2368 4306
2369 4307
2370 4310
2371 4311
2372 4312
2373 4313
2374 4314
2375 4315
2376 4316
2377 4318
2378 4319
2379 4322
2380 4323
2381 4324
2382 4325
2383 4326
2384 4327
2385 4330
2386 4331
2387 4332
2388 4333
2389 4335
2390 4337
2391 4341
2392 4342
2393 4344
2394 4345
2395 4346
2396 4348
2397 4349
2398 4350
2399 4352
2400 4354
2401 4357
2402 4360
2403 4361
2404 4362
2405 4363
2406 4365
2407 4366
2408 4367
2409 4368
2410 4369
2411 4370
2412 4372
2413 4374
2414 4376
2415 4379
2416 4380
2417 4381
2418 4382
2419 4383
2420 4384
2421 4385
2422 4386
2423 4387
2424 4388
2425 4389
2426 4390
2427 4391
2428 4392
2429 4393
2430 4396
2431 4397
2432 4398
2433 4399
2434 4400
2435 4401
2436 4402
2437 4403
2438 4404
2439 4405
2440 4406
2441 4407
2442 4408
2443 4409
2444 4410
2445 4411
2446 4412
2447 4413
2448 4414
2449 4415
2450 4416
2451 4417
2452 4419
2453 4423
2454 4424
2455 4428
2456 4430
2457 4431
2458 4432
2459 4433
2460 4434
2461 4435
2462 4436
2463 4437
2464 4438
2465 4439
2466 4440
2467 4441
2468 4443
2469 4446
2470 4447
2471 4449
2472 4451
2473 4452
2474 4453
2475 4454
2476 4455
2477 4456
2478 4457
2479 4459
2480 4461
2481 4462
2482 4464
2483 4465
2484 4466
2485 4467
2486 4468
2487 4469
2488 4470
2489 4471
2490 4472
2491 4473
2492 4474
2493 4475
2494 4476
2495 4477
2496 4478
2497 4479
2498 4480
2499 4481
2500 4482
2501 4483
2502 4485
2503 4487
2504 4488
2505 4489
2506 4490
2507 4491
2508 4492
2509 4493
2510 4494
2511 4495
2512 4496
2513 4497
2514 4501
2515 4502
2516 4511
2517 4514
2518 4515
2519 4516
2520 4517
2521 4518
2522 4519
2523 4520
2524 4521
2525 4522
2526 4523
2527 4524
2528 4525
2529 4526
2530 4527
2531 4528
2532 4529
2533 4530
2534 4531
2535 4532
2536 4533
2537 4534
2538 4535
2539 4536
2540 4537
2541 4538
2542 4541
2543 4543
2544 4545
2545 4546
2546 4547
2547 4557
2548 4558
2549 4559
2550 4560
2551 4563
2552 4564
2553 4565
2554 4566
2555 4568
2556 4570
2557 4571
2558 4572
2559 4576
2560 4579
2561 4580
2562 4581
2563 4583
2564 4584
2565 4585
2566 4587
2567 4588
2568 4590
2569 4591
2570 4592
2571 4594
2572 4595
2573 4597
2574 4598
2575 4599
2576 4600
2577 4601
2578 4602
2579 4603
2580 4604
2581 4605
2582 4606
2583 4607
2584 4608
2585 4609
2586 4610
2587 4611
2588 4612
2589 4613
2590 4614
2591 4615
2592 4616
2593 4617
2594 4618
2595 4619
2596 4621
2597 4623
2598 4624
2599 4625
2600 4626
2601 4627
2602 4628
2603 4630
2604 4631
2605 4632
2606 4635
2607 4636
2608 4637
2609 4638
2610 4639
2611 4640
2612 4641
2613 4644
2614 4646
2615 4649
2616 4650
2617 4651
2618 4652
2619 4653
2620 4654
2621 4655
2622 4656
2623 4657
2624 4658
2625 4659
2626 4660
2627 4662
2628 4663
2629 4664
2630 4665
2631 4666
2632 4667
2633 4668
2634 4669
2635 4670
2636 4671
2637 4674
2638 4675
2639 4676
2640 4677
2641 4683
2642 4685
2643 4686
2644 4687
2645 4688
2646 4689
2647 4690
2648 4692
2649 4693
2650 4694
2651 4695
2652 4696
2653 4697
2654 4698
2655 4700
2656 4701
2657 4702
2658 4703
2659 4705
2660 4707
2661 4709
2662 4710
2663 4712
2664 4713
2665 4714
2666 4722
2667 4723
2668 4724
2669 4726
2670 4727
2671 4734
2672 4739
2673 4740
2674 4741
2675 4751
2676 4752
2677 4753
2678 4754
2679 4755
2680 4756
2681 4757
2682 4759
2683 4760
2684 4761
2685 4762
2686 4763
2687 4764
2688 4765
2689 4766
2690 4767
2691 4768
2692 4769
2693 4771
2694 4772
2695 4773
2696 4774
2697 4776
2698 4777
2699 4778
2700 4780
2701 4781
2702 4783
2703 4784
2704 4785
2705 4786
2706 4787
2707 4788
2708 4790
2709 4791
2710 4792
2711 4794
2712 4795
2713 4796
2714 4798
2715 4799
2716 4800
2717 4801
2718 4803
2719 4804
2720 4805
2721 4806
2722 4807
2723 4808
2724 4809
2725 4810
2726 4811
2727 4812
2728 4813
2729 4814
2730 4816
2731 4817
2732 4818
2733 4819
2734 4820
2735 4821
2736 4822
2737 4824
2738 4825
2739 4826
2740 4827
2741 4829
2742 4830
2743 4831
2744 4833
2745 4834
2746 4835
2747 4836
2748 4837
2749 4838
2750 4839
2751 4840
2752 4841
2753 4842
2754 4843
2755 4844
2756 4846
2757 4847
2758 4848
2759 4850
2760 4851
2761 4852
2762 4853
2763 4854
2764 4858
2765 4859
2766 4860
2767 4861
2768 4862
2769 4863
2770 4864
2771 4865
2772 4866
2773 4867
2774 4868
2775 4870
2776 4871
2777 4876
2778 4879
2779 4880
2780 4881
2781 4883
2782 4884
2783 4886
2784 4887
2785 4890
2786 4891
2787 4892
2788 4893
2789 4894
2790 4895
2791 4896
2792 4899
2793 4900
2794 4901
2795 4902
2796 4903
2797 4904
2798 4905
2799 4906
2800 4908
2801 4911
2802 4912
2803 4917
2804 4918
2805 4919
2806 4920
2807 4924
2808 4926
2809 4930
2810 4937
2811 4938
2812 4942
2813 4947
2814 4949
2815 4953
2816 4957
2817 4959
2818 4961
2819 4962
2820 4963
2821 4964
2822 4965
2823 4966
2824 4969
2825 4971
2826 4972
2827 4981
2828 4987
2829 4989
2830 4990
2831 4992
2832 4995
2833 4998
2834 5008
2835 5010
2836 5011
2837 5012
2838 5013
2839 5014
2840 5015
2841 5016
2842 5017
2843 5019
2844 5020
2845 5021
2846 5022
2847 5023
2848 5024
2849 5026
2850 5027
2851 5028
2852 5030
2853 5031
2854 5032
2855 5033
2856 5037
2857 5045
2858 5047
2859 5048
2860 5049
2861 5050
2862 5052
2863 5053
2864 5054
2865 5055
2866 5056
2867 5057
2868 5060
2869 5061
2870 5062
2871 5066
2872 5067
2873 5069
2874 5070
2875 5071
2876 5072
2877 5073
2878 5074
2879 5075
2880 5077
2881 5080
2882 5083
2883 5088
2884 5090
2885 5092
2886 5093
2887 5094
2888 5095
2889 5096
2890 5097
2891 5098
2892 5099
2893 5100
2894 5103
2895 5104
2896 5105
2897 5106
2898 5107
2899 5108
2900 5109
2901 5110
2902 5111
2903 5113
2904 5114
2905 5115
2906 5116
2907 5118
2908 5119
2909 5120
2910 5121
2911 5122
2912 5123
2913 5126
2914 5128
2915 5130
2916 5131
2917 5132
2918 5136
2919 5137
2920 5138
2921 5140
2922 5141
2923 5142
2924 5144
2925 5145
2926 5146
2927 5147
2928 5148
2929 5149
2930 5150
2931 5151
2932 5153
2933 5154
2934 5155
2935 5156
2936 5157
2937 5158
2938 5159
2939 5160
2940 5167
2941 5168
2942 5169
2943 5171
2944 5172
2945 5173
2946 5175
2947 5178
2948 5179
2949 5180
2950 5185
2951 5188
2952 5189
2953 5194
2954 5195
2955 5197
2956 5200
2957 5201
2958 5202
2959 5204
2960 5205
2961 5206
2962 5207
2963 5208
2964 5209
2965 5210
2966 5214
2967 5215
2968 5216
2969 5217
2970 5220
2971 5221
2972 5224
2973 5225
2974 5226
2975 5227
2976 5228
2977 5229
2978 5232
2979 5233
2980 5234
2981 5235
2982 5236
2983 5237
2984 5238
2985 5239
2986 5244
2987 5247
2988 5249
2989 5250
2990 5253
2991 5255
2992 5256
2993 5260
2994 5261
2995 5262
2996 5263
2997 5264
2998 5265
2999 5266
3000 5267
3001 5269
3002 5270
3003 5271
3004 5272
3005 5273
3006 5274
3007 5275
3008 5276
3009 5277
3010 5278
3011 5279
3012 5280
3013 5282
3014 5283
3015 5285
3016 5286
3017 5287
3018 5288
3019 5289
3020 5290
3021 5292
3022 5293
3023 5294
3024 5295
3025 5296
3026 5298
3027 5300
3028 5301
3029 5302
3030 5303
3031 5304
3032 5307
3033 5308
3034 5309
3035 5311
3036 5313
3037 5314
3038 5315
3039 5316
3040 5318
3041 5320
3042 5323
3043 5325
3044 5327
3045 5330
3046 5331
3047 5332
3048 5333
3049 5334
3050 5335
3051 5336
3052 5337
3053 5338
3054 5339
3055 5340
3056 5341
3057 5343
3058 5345
3059 5347
3060 5348
3061 5349
3062 5350
3063 5352
3064 5353
3065 5354
3066 5355
3067 5356
3068 5357
3069 5358
3070 5359
3071 5360
3072 5361
3073 5362
3074 5363
3075 5364
3076 5365
3077 5367
3078 5368
3079 5369
3080 5370
3081 5371
3082 5372
3083 5373
3084 5374
3085 5375
3086 5377
3087 5380
3088 5381
3089 5382
3090 5384
3091 5385
3092 5386
3093 5389
3094 5391
3095 5392
3096 5397
3097 5398
3098 5399
3099 5400
3100 5401
3101 5402
3102 5404
3103 5405
3104 5407
3105 5408
3106 5411
3107 5413
3108 5416
3109 5419
3110 5420
3111 5422
3112 5425
3113 5429
3114 5431
3115 5432
3116 5436
3117 5437
3118 5438
3119 5440
3120 5445
3121 5446
3122 5447
3123 5448
3124 5451
3125 5455
3126 5457
3127 5458
3128 5459
