1 10
2 11
3 12
4 13
5 14
6 15
7 16
8 17
9 18
10 19
11 22
12 23
13 24
14 25
15 26
16 27
17 28
18 29
19 32
20 47
21 60
22 62
23 63
24 75
25 76
26 77
27 82
28 83
29 84
30 88
31 90
32 96
33 97
34 101
35 102
36 108
37 109
38 110
39 111
40 112
41 113
42 115
43 117
44 119
45 124
46 127
47 131
48 132
49 133
50 134
51 135
52 138
53 139
54 140
55 142
56 143
57 144
58 145
59 146
60 147
61 148
62 150
63 151
64 152
65 153
66 154
67 155
68 156
69 157
70 158
71 159
72 161
73 162
74 163
75 164
76 166
77 183
78 184
79 185
80 186
81 187
82 188
83 189
84 191
85 194
86 195
87 200
88 201
89 202
90 203
91 204
92 206
93 207
94 208
95 209
96 210
97 211
98 212
99 213
100 214
101 216
102 217
103 218
104 219
105 226
106 229
107 230
108 231
109 232
110 233
111 243
112 247
113 248
114 249
115 250
116 254
117 255
118 256
119 257
120 258
121 259
122 260
123 268
124 269
125 270
126 274
127 280
128 282
129 286
130 287
131 290
132 293
133 294
134 295
135 297
136 298
137 299
138 300
139 301
140 302
141 303
142 304
143 305
144 306
145 307
146 308
147 309
148 312
149 313
150 314
151 315
152 316
153 317
154 318
155 319
156 329
157 333
158 334
159 335
160 336
161 337
162 341
163 344
164 345
165 346
166 347
167 348
168 351
169 352
170 354
171 355
172 357
173 361
174 362
175 369
176 370
177 371
178 372
179 373
180 374
181 375
182 385
183 386
184 388
185 389
186 391
187 392
188 394
189 395
190 396
191 407
192 408
193 409
194 410
195 415
196 418
197 420
198 421
199 422
200 424
201 425
202 428
203 430
204 432
205 434
206 437
207 441
208 446
209 447
210 450
211 451
212 462
213 466
214 469
215 471
216 474
217 476
218 477
219 479
220 488
221 489
222 490
223 491
224 492
225 493
226 496
227 497
228 498
229 499
230 500
231 509
232 512
233 513
234 514
235 515
236 516
237 522
238 523
239 524
240 525
241 526
242 528
243 532
244 535
245 539
246 541
247 542
248 543
249 545
250 546
251 547
252 548
253 549
254 550
255 551
256 552
257 553
258 557
259 558
260 560
261 561
262 562
263 563
264 564
265 565
266 567
267 568
268 572
269 576
270 577
271 581
272 582
273 588
274 589
275 590
276 591
277 593
278 594
279 595
280 596
281 597
282 598
283 599
284 600
285 603
286 606
287 607
288 611
289 612
290 614
291 615
292 616
293 617
294 618
295 619
296 622
297 623
298 625
299 629
300 632
301 633
302 634
303 635
304 636
305 637
306 638
307 639
308 642
309 643
310 644
311 645
312 646
313 647
314 648
315 649
316 650
317 651
318 652
319 653
320 654
321 655
322 656
323 657
324 658
325 659
326 660
327 661
328 662
329 663
330 664
331 665
332 666
333 667
334 668
335 669
336 670
337 671
338 673
339 678
340 679
341 680
342 681
343 682
344 683
345 684
346 685
347 686
348 687
349 688
350 689
351 690
352 691
353 703
354 710
355 717
356 723
357 725
358 727
359 728
360 734
361 740
362 741
363 742
364 743
365 744
366 757
367 762
368 764
369 767
370 769
371 770
372 771
373 772
374 809
375 810
376 811
377 823
378 835
379 836
380 838
381 862
382 863
383 864
384 868
385 870
386 876
387 879
388 880
389 884
390 885
391 886
392 887
393 888
394 890
395 891
396 895
397 903
398 911
399 912
400 923
401 926
402 927
403 931
404 951
405 952
406 953
407 969
408 970
409 982
410 983
411 984
412 986
413 992
414 993
415 998
416 1005
417 1006
418 1013
419 1015
420 1018
421 1021
422 1023
423 1024
424 1025
425 1026
426 1029
427 1043
428 1044
429 1049
430 1060
431 1065
432 1072
433 1074
434 1076
435 1077
436 1093
437 1096
438 1105
439 1109
440 1110
441 1111
442 1113
443 1116
444 1117
445 1118
446 1123
447 1130
448 1131
449 1132
450 1133
451 1134
452 1135
453 1136
454 1137
455 1153
456 1154
457 1155
458 1156
459 1157
460 1158
461 1161
462 1162
463 1210
464 1212
465 1215
466 1230
467 1234
468 1236
469 1239
470 1240
471 1241
472 1252
473 1256
474 1257
475 1258
476 1265
477 1277
478 1289
479 1334
480 1339
481 1346
482 1348
483 1354
484 1355
485 1356
486 1357
487 1358
488 1359
489 1360
490 1362
491 1372
492 1377
493 1383
494 1385
495 1386
496 1396
497 1397
498 1399
499 1416
500 1483
501 1484
502 1489
503 1490
504 1491
505 1506
506 1513
507 1514
508 1517
509 1519
510 1520
511 1522
512 1524
513 1525
514 1526
515 1533
516 1535
517 1539
518 1548
519 1549
520 1550
521 1563
522 1564
523 1565
524 1582
525 1591
526 1603
527 1604
528 1605
529 1606
530 1607
531 1614
532 1617
533 1622
534 1623
535 1626
536 1627
537 1628
538 1639
539 1653
540 1654
541 1660
542 1661
543 1672
544 1700
545 1701
546 1711
547 1712
548 1713
549 1714
550 1715
551 1725
552 1730
553 1731
554 1732
555 1734
556 1735
557 1736
558 1737
559 1738
560 1740
561 1741
562 1742
563 1745
564 1746
565 1758
566 1759
567 1760
568 1762
569 1763
570 1764
571 1765
572 1779
573 1806
574 1807
575 1808
576 1809
577 1810
578 1811
579 1812
580 1813
581 1814
582 1815
583 1825
584 1826
585 1827
586 1828
587 1829
588 1831
589 1832
590 1833
591 1834
592 1835
593 1836
594 1837
595 1838
596 1841
597 1842
598 1843
599 1844
600 1845
601 1846
602 1848
603 1849
604 1850
605 1851
606 1852
607 1855
608 1856
609 1857
610 1858
611 1859
612 1860
613 1861
614 1862
615 1866
616 1867
617 1868
618 1869
619 1870
620 1871
621 1873
622 1874
623 1875
624 1876
625 1881
626 1882
627 1883
628 1884
629 1886
630 1887
631 1888
632 1889
633 1890
634 1892
635 1893
636 1894
637 1895
638 1896
639 1898
640 1899
641 1900
642 1901
643 1902
644 1903
645 1904
646 1905
647 1906
648 1907
649 1910
650 1911
651 1912
652 1918
653 1919
654 1920
655 1925
656 1926
657 1927
658 1932
659 1934
660 1935
661 1936
662 1941
663 1942
664 1943
665 1944
666 1949
667 1950
668 1951
669 1953
670 1954
671 1957
672 1958
673 1959
674 1963
675 1965
676 1966
677 1969
678 1971
679 1975
680 1977
681 1978
682 1981
683 1984
684 1989
685 1990
686 1991
687 1995
688 1996
689 1997
690 1998
691 2006
692 2007
693 2008
694 2009
695 2011
696 2012
697 2013
698 2014
699 2015
700 2016
701 2017
702 2018
703 2019
704 2020
705 2021
706 2022
707 2025
708 2026
709 2027
710 2028
711 2029
712 2030
713 2031
714 2032
715 2033
716 2034
717 2040
718 2047
719 2048
720 2061
721 2062
722 2063
723 2068
724 2070
725 2071
726 2073
727 2074
728 2075
729 2076
730 2077
731 2078
732 2079
733 2080
734 2081
735 2082
736 2083
737 2084
738 2085
739 2086
740 2091
741 2092
742 2093
743 2094
744 2095
745 2096
746 2097
747 2098
748 2099
749 2100
750 2101
751 2102
752 2103
753 2104
754 2105
755 2106
756 2107
757 2109
758 2110
759 2117
760 2118
761 2122
762 2123
763 2152
764 2153
765 2154
766 2155
767 2162
768 2163
769 2164
770 2165
771 2166
772 2167
773 2169
774 2171
775 2174
776 2175
777 2177
778 2178
779 2187
780 2188
781 2189
782 2190
783 2191
784 2195
785 2196
786 2197
787 2198
788 2199
789 2200
790 2201
791 2205
