1 5925
2 5926
3 5927
4 5928
5 5929
6 5931
7 5933
8 5934
9 5935
10 5936
11 5938
12 5939
13 5942
14 5943
15 5944
16 5948
17 5949
18 5950
19 5951
20 5952
21 5954
22 5955
23 5956
24 5960
25 5961
26 5962
27 5963
28 5964
29 5965
30 5966
31 5967
32 5968
33 5973
34 5980
35 5981
36 5982
37 5984
38 5985
39 5986
40 5988
41 5989
42 5994
43 5998
44 5999
45 6000
46 6005
47 6018
48 6019
49 6030
50 6036
51 6038
52 6041
53 6042
54 6043
55 6057
56 6060
57 6061
58 6062
59 6065
60 6066
61 6070
62 6071
63 6072
64 6073
65 6074
66 6075
67 6076
68 6077
69 6078
70 6079
71 6083
72 6085
73 6086
74 6090
75 6091
76 6093
77 6094
78 6095
79 6097
80 6098
