1 6255
2 6257
3 6258
4 6259
5 6260
6 6262
7 6270
8 6271
9 6272
10 6273
11 6276
12 6277
13 6278
14 6279
15 6281
16 6283
17 6284
18 6285
19 6286
20 6287
21 6288
22 6289
23 6290
24 6291
25 6292
26 6293
27 6294
28 6297
29 6298
30 6299
31 6305
32 6306
33 6307
34 6319
35 6322
36 6327
37 6329
38 6330
39 6343
40 6344
41 6345
42 6347
43 6348
44 6349
45 6350
46 6352
47 6354
48 6359
49 6360
50 6361
51 6362
52 6363
53 6369
54 6373
55 6374
56 6377
57 6378
58 6379
59 6380
60 6382
61 6387
62 6388
63 6400
64 6404
65 6405
66 6407
67 6408
68 6410
69 6413
70 6415
71 6422
72 6423
73 6433
74 6434
75 6435
76 6436
77 6446
78 6449
79 6452
80 6454
81 6455
82 6456
83 6457
84 6458
85 6460
86 6461
87 6462
88 6463
89 6464
90 6472
91 6479
92 6480
93 6481
94 6484
95 6485
96 6486
97 6488
98 6501
99 6502
100 6503
101 6504
102 6507
103 6509
104 6510
105 6511
106 6514
107 6515
108 6519
109 6522
110 6523
111 6529
112 6530
113 6531
114 6532
115 6534
116 6538
117 6545
118 6546
119 6547
120 6552
121 6553
122 6554
123 6555
124 6556
125 6557
126 6567
127 6569
128 6572
129 6573
130 6574
131 6575
132 6576
133 6577
134 6580
135 6581
136 6586
137 6587
138 6588
139 6589
140 6595
141 6596
142 6598
143 6599
144 6600
145 6601
146 6602
147 6607
148 6609
149 6610
150 6611
151 6612
152 6613
153 6614
154 6621
155 6622
156 6624
157 6625
158 6626
159 6627
160 6632
161 6633
162 6634
163 6635
164 6636
165 6637
166 6638
167 6639
168 6640
169 6641
170 6642
171 6643
172 6644
173 6645
174 6646
175 6647
176 6648
177 6649
178 6654
179 6655
180 6656
181 6657
182 6659
183 6663
184 6664
185 6665
186 6666
187 6667
188 6668
189 6669
190 6672
191 6673
192 6674
193 6684
194 6685
195 6686
196 6687
197 6688
198 6690
199 6691
200 6692
201 6693
202 6695
203 6700
204 6709
205 6710
206 6711
207 6712
208 6713
209 6714
210 6715
211 6716
212 6717
213 6719
214 6720
215 6721
216 6722
217 6723
218 6725
219 6726
220 6727
221 6728
222 6729
223 6730
224 6731
225 6734
226 6735
227 6736
228 6737
229 6740
230 6741
231 6742
232 6743
233 6744
234 6746
235 6748
236 6749
237 6750
238 6751
239 6754
240 6755
241 6756
242 6757
243 6762
244 6764
245 6765
246 6768
247 6770
248 6786
249 6790
250 6798
251 6805
252 6806
253 6808
254 6809
255 6819
256 6820
257 6821
258 6824
259 6829
260 6833
261 6838
262 6840
263 6841
264 6842
265 6843
266 6844
267 6845
268 6857
269 6877
270 6886
271 6906
272 6907
273 6908
274 6909
275 6911
276 6914
277 6918
278 6919
279 6920
280 6922
281 6923
282 6924
283 6925
284 6926
285 6927
286 6928
287 6929
288 6930
289 6931
290 6934
291 6936
292 6942
293 6943
294 6949
295 6951
296 6952
297 6957
298 6958
299 6959
300 6960
301 6963
302 6969
303 6972
304 6976
305 6978
306 6979
307 6981
308 6984
309 6985
310 6986
311 6993
312 6995
313 6998
314 7000
315 7002
316 7003
317 7020
318 7023
319 7028
320 7030
321 7031
322 7032
323 7048
324 7049
325 7050
326 7055
327 7056
328 7057
329 7073
330 7074
331 7075
332 7076
333 7078
334 7079
335 7080
336 7081
337 7082
338 7083
339 7084
340 7085
341 7086
342 7087
343 7088
344 7089
345 7090
346 7091
347 7092
348 7093
349 7094
350 7099
351 7106
352 7108
353 7110
354 7117
355 7127
356 7128
357 7129
358 7130
359 7133
360 7136
361 7137
362 7138
363 7140
364 7141
365 7142
366 7163
367 7176
368 7178
369 7179
370 7181
371 7183
372 7192
373 7193
374 7194
375 7196
376 7211
377 7249
378 7251
379 7252
380 7253
381 7254
382 7266
383 7283
384 7284
385 7287
386 7289
387 7292
388 7294
389 7295
390 7296
391 7331
392 7430
393 7438
394 7441
395 7442
396 7443
397 7445
398 7461
399 7462
400 7463
401 7475
402 7483
403 7484
404 7485
405 7487
406 7488
407 7491
408 7492
409 7493
410 7494
411 7495
412 7496
413 7497
414 7498
415 7499
416 7500
417 7501
418 7502
419 7509
420 7518
421 7519
422 7520
423 7521
424 7522
425 7523
426 7524
427 7527
428 7528
429 7529
430 7530
431 7531
432 7534
433 7535
434 7536
435 7537
436 7538
437 7539
438 7540
439 7541
440 7542
441 7543
442 7549
443 7555
444 7556
445 7557
446 7558
447 7559
448 7560
449 7561
450 7562
451 7565
452 7566
453 7568
454 7571
455 7573
456 7574
457 7577
458 7578
459 7579
460 7580
461 7581
462 7582
463 7583
464 7584
465 7585
466 7587
467 7588
468 7589
469 7590
470 7591
471 7592
472 7593
473 7594
474 7595
475 7596
476 7598
477 7599
478 7600
479 7601
480 7605
481 7606
482 7607
483 7608
484 7609
485 7610
486 7611
487 7612
488 7613
489 7614
490 7615
491 7616
492 7617
493 7618
494 7619
495 7620
496 7622
497 7626
498 7627
499 7628
500 7629
501 7630
502 7631
503 7632
504 7633
505 7634
506 7635
507 7636
508 7637
509 7638
510 7642
511 7643
512 7644
513 7645
514 7646
515 7647
516 7648
517 7649
518 7650
519 7651
520 7652
521 7653
522 7654
523 7657
524 7658
525 7659
526 7660
527 7661
528 7662
529 7663
530 7664
531 7665
532 7666
533 7667
534 7668
535 7669
536 7670
537 7671
538 7672
539 7674
540 7675
541 7676
542 7677
543 7678
544 7682
545 7683
546 7684
547 7685
548 7686
549 7687
550 7697
551 7698
552 7702
553 7708
554 7713
555 7714
556 7715
557 7716
558 7717
559 7718
560 7719
561 7720
562 7721
563 7733
564 7734
565 7735
566 7736
567 7737
568 7738
569 7741
570 7743
571 7744
572 7747
573 7748
574 7749
575 7770
576 7771
577 7776
578 7777
579 7778
580 7779
581 7780
582 7785
583 7786
584 7787
585 7788
586 7789
587 7790
588 7791
