1 8774
2 8775
3 8777
4 8779
5 8780
6 8781
7 8782
8 8783
9 8784
10 8786
11 8787
12 8788
13 8789
14 8794
15 8795
16 8796
17 8799
18 8800
19 8801
20 8802
21 8812
22 8815
23 8819
24 8823
25 8831
26 8832
27 8843
28 8844
29 8845
30 8857
31 8858
32 8859
33 8864
34 8866
35 8867
36 8868
37 8869
38 8870
39 8871
40 8872
41 8873
42 8874
43 8875
44 8876
45 8879
46 8880
47 8881
48 8882
49 8884
50 8885
51 8886
52 8888
53 8890
54 8892
55 8895
56 8897
57 8905
58 8909
59 8910
60 8911
61 8912
62 8913
63 8915
64 8918
65 8919
66 8920
67 8921
68 8922
69 8923
70 8931
71 8932
72 8937
73 8939
74 8941
75 8942
76 8943
77 8945
78 8950
79 8951
80 8962
81 8964
82 8965
83 8966
84 8967
85 8968
86 8969
87 8970
88 8971
89 8972
90 8973
91 8974
92 8975
93 8976
94 8977
95 8978
96 8982
97 8983
98 8984
99 8985
100 8986
101 8987
102 8988
103 8989
104 8990
105 8991
106 8992
107 8993
108 8994
109 8995
110 8996
111 8999
112 9000
113 9004
114 9005
115 9006
116 9009
117 9011
118 9012
119 9013
120 9015
121 9017
122 9019
123 9022
124 9024
125 9025
126 9027
127 9029
128 9030
129 9039
130 9040
131 9045
132 9046
133 9047
134 9052
135 9058
136 9059
137 9062
138 9063
139 9066
140 9068
141 9080
142 9082
143 9083
144 9084
145 9085
146 9086
147 9087
148 9088
149 9089
150 9090
151 9091
152 9103
153 9106
154 9107
155 9123
156 9124
157 9125
158 9126
159 9134
160 9135
161 9140
162 9141
163 9146
164 9152
165 9156
166 9157
167 9158
168 9159
169 9161
170 9162
171 9169
172 9178
173 9185
174 9186
175 9187
176 9188
177 9190
178 9199
179 9203
180 9204
181 9205
182 9206
183 9208
184 9209
185 9210
186 9211
187 9215
188 9216
189 9217
190 9219
191 9259
192 9296
193 9297
194 9298
195 9303
196 9310
197 9311
198 9312
199 9313
200 9314
201 9315
202 9316
203 9317
204 9318
205 9319
206 9320
207 9321
208 9322
209 9323
210 9324
211 9325
212 9326
213 9327
214 9328
215 9330
216 9331
217 9334
218 9336
219 9337
220 9338
221 9340
222 9342
223 9343
224 9344
225 9345
226 9346
227 9347
228 9348
229 9349
230 9350
231 9351
232 9352
233 9353
234 9354
235 9355
