1 9356
2 9357
3 9358
4 9359
5 9360
6 9362
7 9363
8 9364
9 9365
10 9366
11 9367
12 9368
13 9369
14 9370
15 9372
16 9373
17 9374
18 9375
19 9376
20 9377
21 9381
22 9383
23 9385
24 9386
25 9387
26 9390
27 9391
28 9392
29 9393
30 9396
31 9397
32 9405
33 9408
34 9415
35 9417
36 9420
37 9421
38 9426
39 9428
40 9429
41 9430
42 9432
43 9433
44 9434
45 9435
46 9436
47 9437
48 9439
49 9441
50 9442
51 9443
52 9445
53 9446
54 9447
55 9448
56 9449
57 9450
58 9451
59 9453
60 9454
61 9456
62 9457
63 9458
64 9459
65 9460
66 9465
67 9466
68 9467
69 9468
70 9469
71 9470
72 9471
73 9473
74 9478
75 9480
76 9482
77 9483
78 9484
79 9485
80 9486
81 9487
82 9488
83 9489
84 9490
85 9491
86 9492
87 9493
88 9494
89 9495
90 9496
91 9498
92 9500
93 9503
94 9509
95 9511
96 9516
97 9521
98 9522
99 9527
100 9528
101 9529
102 9530
103 9533
104 9534
105 9535
106 9536
107 9539
108 9541
109 9542
110 9545
111 9546
112 9547
113 9548
114 9549
115 9550
116 9551
117 9552
118 9553
119 9571
120 9572
121 9575
122 9576
123 9581
124 9582
125 9593
126 9594
127 9601
128 9602
129 9605
130 9609
131 9610
132 9612
133 9614
134 9619
135 9623
136 9628
137 9630
138 9640
139 9641
140 9642
141 9673
142 9674
143 9675
144 9680
145 9681
146 9682
147 9685
148 9686
149 9687
150 9688
151 9691
152 9692
153 9693
154 9696
155 9697
156 9706
157 9709
158 9710
159 9711
160 9713
