1 9715
2 9721
3 9722
4 9723
5 9724
6 9726
7 9727
8 9728
9 9729
10 9730
11 9731
12 9732
13 9734
14 9735
15 9736
16 9737
17 9738
18 9740
19 9741
20 9744
21 9749
22 9750
23 9751
24 9753
25 9754
26 9755
27 9756
28 9757
29 9766
30 9768
31 9774
32 9775
33 9777
34 9779
35 9780
36 9781
37 9793
38 9794
39 9795
40 9796
41 9814
42 9827
43 9831
44 9832
45 9833
46 9834
47 9835
48 9836
49 9837
50 9838
51 9839
52 9841
53 9845
54 9846
55 9847
56 9848
57 9849
58 9850
59 9851
60 9852
61 9853
62 9854
63 9855
64 9856
65 9857
66 9865
67 9875
68 9882
69 9883
70 9884
71 9885
72 9886
73 9902
74 9906
75 9909
76 9910
77 9914
78 9915
79 9918
80 9919
81 9921
82 9924
83 9925
84 9926
85 9929
86 9930
87 9931
88 9937
89 9940
90 9946
91 9947
92 9948
93 9954
94 9960
95 9965
96 9966
97 9967
98 9968
99 9972
100 9973
