1 4059
2 4060
3 4061
4 4062
5 4063
6 4064
7 4065
8 4066
9 4067
10 4068
11 4071
12 4072
13 4073
14 4074
15 4075
16 4076
17 4077
18 4078
19 4081
20 4096
21 4109
22 4111
23 4112
24 4124
25 4125
26 4126
27 4131
28 4132
29 4133
30 4137
31 4139
32 4145
33 4146
34 4150
35 4151
36 4157
37 4158
38 4159
39 4160
40 4161
41 4162
42 4164
43 4166
44 4168
45 4173
46 4176
47 4180
48 4181
49 4182
50 4183
51 4184
52 4187
53 4188
54 4189
55 4191
56 4192
57 4193
58 4194
59 4195
60 4196
61 4197
62 4199
63 4200
64 4201
65 4202
66 4203
67 4204
68 4205
69 4206
70 4207
71 4208
72 4210
73 4211
74 4212
75 4213
76 4215
77 4232
78 4233
79 4234
80 4235
81 4236
82 4237
83 4238
84 4240
85 4243
86 4244
87 4249
88 4250
89 4251
90 4252
91 4253
92 4255
93 4256
94 4257
95 4258
96 4259
97 4260
98 4261
99 4262
100 4263
101 4265
102 4266
103 4267
104 4268
105 4275
106 4278
107 4279
108 4280
109 4281
110 4282
111 4292
112 4296
113 4297
114 4298
115 4299
116 4303
117 4304
118 4305
119 4306
120 4307
121 4308
122 4309
123 4317
124 4318
125 4319
126 4323
127 4329
128 4331
129 4335
130 4336
131 4339
132 4342
133 4343
134 4344
135 4346
136 4347
137 4348
138 4349
139 4350
140 4351
141 4352
142 4353
143 4354
144 4355
145 4356
146 4357
147 4358
148 4361
149 4362
150 4363
151 4364
152 4365
153 4366
154 4367
155 4368
156 4378
157 4382
158 4383
159 4384
160 4385
161 4386
162 4390
163 4393
164 4394
165 4395
166 4396
167 4397
168 4400
169 4401
170 4403
171 4404
172 4406
173 4410
174 4411
175 4418
176 4419
177 4420
178 4421
179 4422
180 4423
181 4424
182 4434
183 4435
184 4437
185 4438
186 4440
187 4441
188 4443
189 4444
190 4445
191 4456
192 4457
193 4458
194 4459
195 4464
196 4467
197 4469
198 4470
199 4471
200 4473
201 4474
202 4477
203 4479
204 4481
205 4483
206 4486
207 4490
208 4495
209 4496
210 4499
211 4500
212 4511
213 4515
214 4518
215 4520
216 4523
217 4525
218 4526
219 4528
220 4537
221 4538
222 4539
223 4540
224 4541
225 4542
226 4545
227 4546
228 4547
229 4548
230 4549
231 4558
232 4561
233 4562
234 4563
235 4564
236 4565
237 4571
238 4572
239 4573
240 4574
241 4575
242 4577
243 4581
244 4584
245 4588
246 4590
247 4591
248 4592
249 4594
250 4595
251 4596
252 4597
253 4598
254 4599
255 4600
256 4601
257 4602
258 4606
259 4607
260 4609
261 4610
262 4611
263 4612
264 4613
265 4614
266 4616
267 4617
268 4621
269 4625
270 4626
271 4630
272 4631
273 4637
274 4638
275 4639
276 4640
277 4642
278 4643
279 4644
280 4645
281 4646
282 4647
283 4648
284 4649
285 4652
286 4655
287 4656
288 4660
289 4661
290 4663
291 4664
292 4665
293 4666
294 4667
295 4668
296 4671
297 4672
298 4674
299 4678
300 4681
301 4682
302 4683
303 4684
304 4685
305 4686
306 4687
307 4688
308 4691
309 4692
310 4693
311 4694
312 4695
313 4696
314 4697
315 4698
316 4699
317 4700
318 4701
319 4702
320 4703
321 4704
322 4705
323 4706
324 4707
325 4708
326 4709
327 4710
328 4711
329 4712
330 4713
331 4714
332 4715
333 4716
334 4717
335 4718
336 4719
337 4720
338 4722
339 4727
340 4728
341 4729
342 4730
343 4731
344 4732
345 4733
346 4734
347 4735
348 4736
349 4737
350 4738
351 4739
352 4740
353 4752
354 4759
355 4766
356 4772
357 4774
358 4776
359 4777
360 4783
361 4789
362 4790
363 4791
364 4792
365 4793
366 4806
367 4811
368 4813
369 4816
370 4818
371 4819
372 4820
373 4821
374 4858
375 4859
376 4860
377 4872
378 4884
379 4885
380 4887
381 4911
382 4912
383 4913
384 4917
385 4919
386 4925
387 4928
388 4929
389 4933
390 4934
391 4935
392 4936
393 4937
394 4939
395 4940
396 4944
397 4952
398 4960
399 4961
400 4972
401 4975
402 4976
403 4980
404 5000
405 5001
406 5002
407 5018
408 5019
409 5031
410 5032
411 5033
412 5035
413 5041
414 5042
415 5047
416 5054
417 5055
418 5062
419 5064
420 5067
421 5070
422 5072
423 5073
424 5074
425 5075
426 5078
427 5092
428 5093
429 5098
430 5109
431 5114
432 5121
433 5123
434 5125
435 5126
436 5142
437 5145
438 5154
439 5158
440 5159
441 5160
442 5162
443 5165
444 5166
445 5167
446 5172
447 5179
448 5180
449 5181
450 5182
451 5183
452 5184
453 5185
454 5186
455 5202
456 5203
457 5204
458 5205
459 5206
460 5207
461 5210
462 5211
463 5259
464 5261
465 5264
466 5279
467 5283
468 5285
469 5288
470 5289
471 5290
472 5301
473 5305
474 5306
475 5307
476 5314
477 5326
478 5338
479 5383
480 5388
481 5395
482 5397
483 5403
484 5404
485 5405
486 5406
487 5407
488 5408
489 5409
490 5411
491 5421
492 5426
493 5432
494 5434
495 5435
496 5445
497 5446
498 5448
499 5465
500 5532
501 5533
502 5538
503 5539
504 5540
505 5555
506 5562
507 5563
508 5566
509 5568
510 5569
511 5571
512 5573
513 5574
514 5575
515 5582
516 5584
517 5588
518 5597
519 5598
520 5599
521 5612
522 5613
523 5614
524 5631
525 5640
526 5652
527 5653
528 5654
529 5655
530 5656
531 5663
532 5666
533 5671
534 5672
535 5675
536 5676
537 5677
538 5688
539 5702
540 5703
541 5709
542 5710
543 5721
544 5749
545 5750
546 5760
547 5761
548 5762
549 5763
550 5764
551 5774
552 5779
553 5780
554 5781
555 5783
556 5784
557 5785
558 5786
559 5787
560 5789
561 5790
562 5791
563 5794
564 5795
565 5807
566 5808
567 5809
568 5811
569 5812
570 5813
571 5814
572 5828
573 5855
574 5856
575 5857
576 5858
577 5859
578 5860
579 5861
580 5862
581 5863
582 5864
583 5874
584 5875
585 5876
586 5877
587 5878
588 5880
589 5881
590 5882
591 5883
592 5884
593 5885
594 5886
595 5887
596 5890
597 5891
598 5892
599 5893
600 5894
601 5895
602 5897
603 5898
604 5899
605 5900
606 5901
607 5904
608 5905
609 5906
610 5907
611 5908
612 5909
613 5910
614 5911
615 5915
616 5916
617 5917
618 5918
619 5919
620 5920
621 5922
622 5923
623 5924
624 5925
625 5930
626 5931
627 5932
628 5933
629 5935
630 5936
631 5937
632 5938
633 5939
634 5941
635 5942
636 5943
637 5944
638 5945
639 5947
640 5948
641 5949
642 5950
643 5951
644 5952
645 5953
646 5954
647 5955
648 5956
649 5959
650 5960
651 5961
652 5967
653 5968
654 5969
655 5974
656 5975
657 5976
658 5981
659 5983
660 5984
661 5985
662 5990
663 5991
664 5992
665 5993
666 5998
667 5999
668 6000
669 6002
670 6003
671 6006
672 6007
673 6008
674 6012
675 6014
676 6015
677 6018
678 6020
679 6024
680 6026
681 6027
682 6030
683 6033
684 6038
685 6039
686 6040
687 6044
688 6045
689 6046
690 6047
691 6055
692 6056
693 6057
694 6058
695 6060
696 6061
697 6062
698 6063
699 6064
700 6065
701 6066
702 6067
703 6068
704 6069
705 6070
706 6071
707 6074
708 6075
709 6076
710 6077
711 6078
712 6079
713 6080
714 6081
715 6082
716 6083
717 6089
718 6096
719 6097
720 6110
721 6111
722 6112
723 6117
724 6119
725 6120
726 6122
727 6123
728 6124
729 6125
730 6126
731 6127
732 6128
733 6129
734 6130
735 6131
736 6132
737 6133
738 6134
739 6135
740 6140
741 6141
742 6142
743 6143
744 6144
745 6145
746 6146
747 6147
748 6148
749 6149
750 6150
751 6151
752 6152
753 6153
754 6154
755 6155
756 6156
757 6158
758 6159
759 6166
760 6167
761 6171
762 6172
763 6201
764 6202
765 6203
766 6204
767 6211
768 6212
769 6213
770 6214
771 6215
772 6216
773 6218
774 6220
775 6223
776 6224
777 6226
778 6227
779 6236
780 6237
781 6238
782 6239
783 6240
784 6244
785 6245
786 6246
787 6247
788 6248
789 6249
790 6250
791 6254
792 6255
793 6257
794 6258
795 6259
796 6260
797 6262
798 6270
799 6271
800 6272
801 6273
802 6276
803 6277
804 6278
805 6279
806 6281
807 6283
808 6284
809 6285
810 6286
811 6287
812 6288
813 6289
814 6290
815 6291
816 6292
817 6293
818 6294
819 6297
820 6298
821 6299
822 6305
823 6306
824 6307
825 6319
826 6322
827 6327
828 6329
829 6330
830 6343
831 6344
832 6345
833 6347
834 6348
835 6349
836 6350
837 6352
838 6354
839 6359
840 6360
841 6361
842 6362
843 6363
844 6369
845 6373
846 6374
847 6377
848 6378
849 6379
850 6380
851 6382
852 6387
853 6388
854 6400
855 6404
856 6405
857 6407
858 6408
859 6410
860 6413
861 6415
862 6422
863 6423
864 6433
865 6434
866 6435
867 6436
868 6446
869 6449
870 6452
871 6454
872 6455
873 6456
874 6457
875 6458
876 6460
877 6461
878 6462
879 6463
880 6464
881 6472
882 6479
883 6480
884 6481
885 6484
886 6485
887 6486
888 6488
889 6501
890 6502
891 6503
892 6504
893 6507
894 6509
895 6510
896 6511
897 6514
898 6515
899 6519
900 6522
901 6523
902 6529
903 6530
904 6531
905 6532
906 6534
907 6538
908 6545
909 6546
910 6547
911 6552
912 6553
913 6554
914 6555
915 6556
916 6557
917 6567
918 6569
919 6572
920 6573
921 6574
922 6575
923 6576
924 6577
925 6580
926 6581
927 6586
928 6587
929 6588
930 6589
931 6595
932 6596
933 6598
934 6599
935 6600
936 6601
937 6602
938 6607
939 6609
940 6610
941 6611
942 6612
943 6613
944 6614
945 6621
946 6622
947 6624
948 6625
949 6626
950 6627
951 6632
952 6633
953 6634
954 6635
955 6636
956 6637
957 6638
958 6639
959 6640
960 6641
961 6642
962 6643
963 6644
964 6645
965 6646
966 6647
967 6648
968 6649
969 6654
970 6655
971 6656
972 6657
973 6659
974 6663
975 6664
976 6665
977 6666
978 6667
979 6668
980 6669
981 6672
982 6673
983 6674
984 6684
985 6685
986 6686
987 6687
988 6688
989 6690
990 6691
991 6692
992 6693
993 6695
994 6700
995 6709
996 6710
997 6711
998 6712
999 6713
1000 6714
1001 6715
1002 6716
1003 6717
1004 6719
1005 6720
1006 6721
1007 6722
1008 6723
1009 6725
1010 6726
1011 6727
1012 6728
1013 6729
1014 6730
1015 6731
1016 6734
1017 6735
1018 6736
1019 6737
1020 6740
1021 6741
1022 6742
1023 6743
1024 6744
1025 6746
1026 6748
1027 6749
1028 6750
1029 6751
1030 6754
1031 6755
1032 6756
1033 6757
1034 6762
1035 6764
1036 6765
1037 6768
1038 6770
1039 6786
1040 6790
1041 6798
1042 6805
1043 6806
1044 6808
1045 6809
1046 6819
1047 6820
1048 6821
1049 6824
1050 6829
1051 6833
1052 6838
1053 6840
1054 6841
1055 6842
1056 6843
1057 6844
1058 6845
1059 6857
1060 6877
1061 6886
1062 6906
1063 6907
1064 6908
1065 6909
1066 6911
1067 6914
1068 6918
1069 6919
1070 6920
1071 6922
1072 6923
1073 6924
1074 6925
1075 6926
1076 6927
1077 6928
1078 6929
1079 6930
1080 6931
1081 6934
1082 6936
1083 6942
1084 6943
1085 6949
1086 6951
1087 6952
1088 6957
1089 6958
1090 6959
1091 6960
1092 6963
1093 6969
1094 6972
1095 6976
1096 6978
1097 6979
1098 6981
1099 6984
1100 6985
1101 6986
1102 6993
1103 6995
1104 6998
1105 7000
1106 7002
1107 7003
1108 7020
1109 7023
1110 7028
1111 7030
1112 7031
1113 7032
1114 7048
1115 7049
1116 7050
1117 7055
1118 7056
1119 7057
1120 7073
1121 7074
1122 7075
1123 7076
1124 7078
1125 7079
1126 7080
1127 7081
1128 7082
1129 7083
1130 7084
1131 7085
1132 7086
1133 7087
1134 7088
1135 7089
1136 7090
1137 7091
1138 7092
1139 7093
1140 7094
1141 7099
1142 7106
1143 7108
1144 7110
1145 7117
1146 7127
1147 7128
1148 7129
1149 7130
1150 7133
1151 7136
1152 7137
1153 7138
1154 7140
1155 7141
1156 7142
1157 7163
1158 7176
1159 7178
1160 7179
1161 7181
1162 7183
1163 7192
1164 7193
1165 7194
1166 7196
1167 7211
1168 7249
1169 7251
1170 7252
1171 7253
1172 7254
1173 7266
1174 7283
1175 7284
1176 7287
1177 7289
1178 7292
1179 7294
1180 7295
1181 7296
1182 7331
1183 7430
1184 7438
1185 7441
1186 7442
1187 7443
1188 7445
1189 7461
1190 7462
1191 7463
1192 7475
1193 7483
1194 7484
1195 7485
1196 7487
1197 7488
1198 7491
1199 7492
1200 7493
1201 7494
1202 7495
1203 7496
1204 7497
1205 7498
1206 7499
1207 7500
1208 7501
1209 7502
1210 7509
1211 7518
1212 7519
1213 7520
1214 7521
1215 7522
1216 7523
1217 7524
1218 7527
1219 7528
1220 7529
1221 7530
1222 7531
1223 7534
1224 7535
1225 7536
1226 7537
1227 7538
1228 7539
1229 7540
1230 7541
1231 7542
1232 7543
1233 7549
1234 7555
1235 7556
1236 7557
1237 7558
1238 7559
1239 7560
1240 7561
1241 7562
1242 7565
1243 7566
1244 7568
1245 7571
1246 7573
1247 7574
1248 7577
1249 7578
1250 7579
1251 7580
1252 7581
1253 7582
1254 7583
1255 7584
1256 7585
1257 7587
1258 7588
1259 7589
1260 7590
1261 7591
1262 7592
1263 7593
1264 7594
1265 7595
1266 7596
1267 7598
1268 7599
1269 7600
1270 7601
1271 7605
1272 7606
1273 7607
1274 7608
1275 7609
1276 7610
1277 7611
1278 7612
1279 7613
1280 7614
1281 7615
1282 7616
1283 7617
1284 7618
1285 7619
1286 7620
1287 7622
1288 7626
1289 7627
1290 7628
1291 7629
1292 7630
1293 7631
1294 7632
1295 7633
1296 7634
1297 7635
1298 7636
1299 7637
1300 7638
1301 7642
1302 7643
1303 7644
1304 7645
1305 7646
1306 7647
1307 7648
1308 7649
1309 7650
1310 7651
1311 7652
1312 7653
1313 7654
1314 7657
1315 7658
1316 7659
1317 7660
1318 7661
1319 7662
1320 7663
1321 7664
1322 7665
1323 7666
1324 7667
1325 7668
1326 7669
1327 7670
1328 7671
1329 7672
1330 7674
1331 7675
1332 7676
1333 7677
1334 7678
1335 7682
1336 7683
1337 7684
1338 7685
1339 7686
1340 7687
1341 7697
1342 7698
1343 7702
1344 7708
1345 7713
1346 7714
1347 7715
1348 7716
1349 7717
1350 7718
1351 7719
1352 7720
1353 7721
1354 7733
1355 7734
1356 7735
1357 7736
1358 7737
1359 7738
1360 7741
1361 7743
1362 7744
1363 7747
1364 7748
1365 7749
1366 7770
1367 7771
1368 7776
1369 7777
1370 7778
1371 7779
1372 7780
1373 7785
1374 7786
1375 7787
1376 7788
1377 7789
1378 7790
1379 7791
1380 7794
1381 7795
1382 7796
1383 7797
1384 7798
1385 7799
1386 7800
1387 7806
1388 7808
1389 7812
1390 7813
1391 7814
1392 7823
1393 7826
1394 7827
1395 7828
1396 7834
1397 7841
1398 7843
1399 7844
1400 7845
1401 7846
1402 7847
1403 7848
1404 7849
1405 7850
1406 7851
1407 7852
1408 7853
1409 7855
1410 7857
1411 7865
1412 7868
1413 7871
1414 7874
1415 7889
1416 7890
1417 7906
1418 7912
1419 7931
1420 7932
1421 7933
1422 7934
1423 7935
1424 7946
1425 7949
1426 7955
1427 7956
1428 7962
1429 7963
1430 7964
1431 7965
1432 7968
1433 7969
1434 7972
1435 7974
1436 7975
1437 7976
1438 7983
1439 7984
1440 7987
1441 7990
1442 7991
1443 7993
1444 7994
1445 8002
1446 8005
1447 8007
1448 8008
1449 8009
1450 8015
1451 8019
1452 8020
1453 8021
1454 8022
1455 8023
1456 8024
1457 8025
1458 8026
1459 8027
1460 8028
1461 8030
1462 8032
1463 8033
1464 8034
1465 8035
1466 8036
1467 8037
1468 8044
1469 8045
1470 8047
1471 8048
1472 8055
1473 8056
1474 8057
1475 8058
1476 8064
1477 8065
1478 8066
1479 8067
1480 8068
1481 8069
1482 8070
1483 8071
1484 8072
1485 8073
1486 8075
1487 8076
1488 8078
1489 8079
1490 8098
1491 8099
1492 8100
1493 8111
1494 8112
1495 8116
1496 8117
1497 8118
1498 8119
1499 8123
1500 8128
1501 8129
1502 8135
1503 8137
1504 8139
1505 8141
1506 8143
1507 8144
1508 8145
1509 8146
1510 8148
1511 8150
1512 8152
1513 8153
1514 8154
1515 8155
1516 8156
1517 8157
1518 8158
1519 8161
1520 8163
1521 8165
1522 8166
1523 8167
1524 8168
1525 8169
1526 8173
1527 8176
1528 8177
1529 8179
1530 8182
1531 8186
1532 8187
1533 8188
1534 8189
1535 8191
1536 8194
1537 8196
1538 8199
1539 8200
1540 8201
1541 8202
1542 8203
1543 8204
1544 8206
1545 8218
1546 8219
1547 8220
1548 8221
1549 8222
1550 8223
1551 8229
1552 8230
1553 8233
1554 8238
1555 8239
1556 8240
1557 8256
1558 8257
1559 8258
1560 8271
1561 8275
1562 8276
1563 8280
1564 8281
1565 8283
1566 8285
1567 8286
1568 8289
1569 8291
1570 8292
1571 8295
1572 8296
1573 8297
1574 8298
1575 8304
1576 8305
1577 8310
1578 8311
1579 8313
1580 8319
1581 8321
1582 8330
1583 8337
1584 8339
1585 8340
1586 8341
1587 8342
1588 8343
1589 8344
1590 8345
1591 8346
1592 8347
1593 8348
1594 8349
1595 8352
1596 8353
1597 8354
1598 8355
1599 8363
1600 8367
1601 8368
1602 8383
1603 8384
1604 8389
1605 8390
1606 8391
1607 8413
1608 8415
1609 8416
1610 8417
1611 8418
1612 8427
1613 8428
1614 8431
1615 8432
1616 8433
1617 8434
1618 8435
1619 8438
1620 8439
1621 8440
1622 8441
1623 8442
1624 8443
1625 8445
1626 8446
1627 8447
1628 8455
1629 8458
1630 8459
1631 8462
1632 8473
1633 8476
1634 8478
1635 8491
1636 8498
1637 8503
1638 8504
1639 8519
1640 8520
1641 8521
1642 8522
1643 8523
1644 8524
1645 8525
1646 8526
1647 8527
1648 8528
1649 8529
1650 8532
1651 8533
1652 8534
1653 8535
1654 8536
1655 8537
1656 8538
1657 8541
1658 8546
1659 8548
1660 8550
1661 8551
1662 8552
1663 8554
1664 8555
1665 8556
1666 8557
1667 8571
1668 8572
1669 8623
1670 8629
1671 8630
1672 8631
1673 8645
1674 8646
1675 8647
1676 8648
1677 8656
1678 8657
1679 8658
1680 8659
1681 8661
1682 8667
1683 8669
1684 8670
1685 8678
1686 8679
1687 8680
1688 8683
1689 8684
1690 8686
1691 8688
1692 8689
1693 8691
1694 8692
1695 8693
1696 8695
1697 8696
1698 8697
1699 8699
1700 8700
1701 8701
1702 8702
1703 8703
1704 8704
1705 8705
1706 8706
1707 8707
1708 8710
1709 8711
1710 8713
1711 8714
1712 8715
1713 8717
1714 8718
1715 8719
1716 8720
1717 8721
1718 8722
1719 8723
1720 8724
1721 8725
1722 8726
1723 8727
1724 8732
1725 8735
1726 8736
1727 8737
1728 8739
1729 8740
1730 8742
1731 8743
1732 8755
1733 8756
1734 8757
1735 8758
1736 8768
1737 8771
1738 8772
1739 8773
1740 8774
1741 8775
1742 8777
1743 8779
1744 8780
1745 8781
1746 8782
1747 8783
1748 8784
1749 8786
1750 8787
1751 8788
1752 8789
1753 8794
1754 8795
1755 8796
1756 8799
1757 8800
1758 8801
1759 8802
1760 8812
1761 8815
1762 8819
1763 8823
1764 8831
1765 8832
1766 8843
1767 8844
1768 8845
1769 8857
1770 8858
1771 8859
1772 8864
1773 8866
1774 8867
1775 8868
1776 8869
1777 8870
1778 8871
1779 8872
1780 8873
1781 8874
1782 8875
1783 8876
1784 8879
1785 8880
1786 8881
1787 8882
1788 8884
1789 8885
1790 8886
1791 8888
1792 8890
1793 8892
1794 8895
1795 8897
1796 8905
1797 8909
1798 8910
1799 8911
1800 8912
1801 8913
1802 8915
1803 8918
1804 8919
1805 8920
1806 8921
1807 8922
1808 8923
1809 8931
1810 8932
1811 8937
1812 8939
1813 8941
1814 8942
1815 8943
1816 8945
1817 8950
1818 8951
1819 8962
1820 8964
1821 8965
1822 8966
1823 8967
1824 8968
1825 8969
1826 8970
1827 8971
1828 8972
1829 8973
1830 8974
1831 8975
1832 8976
1833 8977
1834 8978
1835 8982
1836 8983
1837 8984
1838 8985
1839 8986
1840 8987
1841 8988
1842 8989
1843 8990
1844 8991
1845 8992
1846 8993
1847 8994
1848 8995
1849 8996
1850 8999
1851 9000
1852 9004
1853 9005
1854 9006
1855 9009
1856 9011
1857 9012
1858 9013
1859 9015
1860 9017
1861 9019
1862 9022
1863 9024
1864 9025
1865 9027
1866 9029
1867 9030
1868 9039
1869 9040
1870 9045
1871 9046
1872 9047
1873 9052
1874 9058
1875 9059
1876 9062
1877 9063
1878 9066
1879 9068
1880 9080
1881 9082
1882 9083
1883 9084
1884 9085
1885 9086
1886 9087
1887 9088
1888 9089
1889 9090
1890 9091
1891 9103
1892 9106
1893 9107
1894 9123
1895 9124
1896 9125
1897 9126
1898 9134
1899 9135
1900 9140
1901 9141
1902 9146
1903 9152
1904 9156
1905 9157
1906 9158
1907 9159
1908 9161
1909 9162
1910 9169
1911 9178
1912 9185
1913 9186
1914 9187
1915 9188
1916 9190
1917 9199
1918 9203
1919 9204
1920 9205
1921 9206
1922 9208
1923 9209
1924 9210
1925 9211
1926 9215
1927 9216
1928 9217
1929 9219
1930 9259
1931 9296
1932 9297
1933 9298
1934 9303
1935 9310
1936 9311
1937 9312
1938 9313
1939 9314
1940 9315
1941 9316
1942 9317
1943 9318
1944 9319
1945 9320
1946 9321
1947 9322
1948 9323
1949 9324
1950 9325
1951 9326
1952 9327
1953 9328
1954 9330
1955 9331
1956 9334
1957 9336
1958 9337
1959 9338
1960 9340
1961 9342
1962 9343
1963 9344
1964 9345
1965 9346
1966 9347
1967 9348
1968 9349
1969 9350
1970 9351
1971 9352
1972 9353
1973 9354
1974 9355
1975 9356
1976 9357
1977 9358
1978 9359
1979 9360
1980 9362
1981 9363
1982 9364
1983 9365
1984 9366
1985 9367
1986 9368
1987 9369
1988 9370
1989 9372
1990 9373
1991 9374
1992 9375
1993 9376
1994 9377
1995 9381
1996 9383
1997 9385
1998 9386
1999 9387
2000 9390
2001 9391
2002 9392
2003 9393
2004 9396
2005 9397
2006 9405
2007 9408
2008 9415
2009 9417
2010 9420
2011 9421
2012 9426
2013 9428
2014 9429
2015 9430
2016 9432
2017 9433
2018 9434
2019 9435
2020 9436
2021 9437
2022 9439
2023 9441
2024 9442
2025 9443
2026 9445
2027 9446
2028 9447
2029 9448
2030 9449
2031 9450
2032 9451
2033 9453
2034 9454
2035 9456
2036 9457
2037 9458
2038 9459
2039 9460
2040 9465
2041 9466
2042 9467
2043 9468
2044 9469
2045 9470
2046 9471
2047 9473
2048 9478
2049 9480
2050 9482
2051 9483
2052 9484
2053 9485
2054 9486
2055 9487
2056 9488
2057 9489
2058 9490
2059 9491
2060 9492
2061 9493
2062 9494
2063 9495
2064 9496
2065 9498
2066 9500
2067 9503
2068 9509
2069 9511
2070 9516
2071 9521
2072 9522
2073 9527
2074 9528
2075 9529
2076 9530
2077 9533
2078 9534
2079 9535
2080 9536
2081 9539
2082 9541
2083 9542
2084 9545
2085 9546
2086 9547
2087 9548
2088 9549
2089 9550
2090 9551
2091 9552
2092 9553
2093 9571
2094 9572
2095 9575
2096 9576
2097 9581
2098 9582
2099 9593
2100 9594
2101 9601
2102 9602
2103 9605
2104 9609
2105 9610
2106 9612
2107 9614
2108 9619
2109 9623
2110 9628
2111 9630
2112 9640
2113 9641
2114 9642
2115 9673
2116 9674
2117 9675
2118 9680
2119 9681
2120 9682
2121 9685
2122 9686
2123 9687
2124 9688
2125 9691
2126 9692
2127 9693
2128 9696
2129 9697
2130 9706
2131 9709
2132 9710
2133 9711
2134 9713
2135 9715
2136 9721
2137 9722
2138 9723
2139 9724
2140 9726
2141 9727
2142 9728
2143 9729
2144 9730
2145 9731
2146 9732
2147 9734
2148 9735
2149 9736
2150 9737
2151 9738
2152 9740
2153 9741
2154 9744
2155 9749
2156 9750
2157 9751
2158 9753
2159 9754
2160 9755
2161 9756
2162 9757
2163 9766
2164 9768
2165 9774
2166 9775
2167 9777
2168 9779
2169 9780
2170 9781
2171 9793
2172 9794
2173 9795
2174 9796
2175 9814
2176 9827
2177 9831
2178 9832
2179 9833
2180 9834
2181 9835
2182 9836
2183 9837
2184 9838
2185 9839
2186 9841
2187 9845
2188 9846
2189 9847
2190 9848
2191 9849
2192 9850
2193 9851
2194 9852
2195 9853
2196 9854
2197 9855
2198 9856
2199 9857
2200 9865
2201 9875
2202 9882
2203 9883
2204 9884
2205 9885
2206 9886
2207 9902
2208 9906
2209 9909
2210 9910
2211 9914
2212 9915
2213 9918
2214 9919
2215 9921
2216 9924
2217 9925
2218 9926
2219 9929
2220 9930
2221 9931
2222 9937
2223 9940
2224 9946
2225 9947
2226 9948
2227 9954
2228 9960
2229 9965
2230 9966
2231 9967
2232 9968
2233 9972
2234 9973
2235 9974
2236 9975
2237 9976
2238 9977
2239 9978
2240 9980
2241 9982
2242 9983
2243 9984
2244 9985
2245 9987
2246 9988
2247 9991
2248 9992
2249 9993
2250 9997
2251 9998
2252 9999
2253 10000
2254 10001
2255 10003
2256 10004
2257 10005
2258 10009
2259 10010
2260 10011
2261 10012
2262 10013
2263 10014
2264 10015
2265 10016
2266 10017
2267 10022
2268 10029
2269 10030
2270 10031
2271 10033
2272 10034
2273 10035
2274 10037
2275 10038
2276 10043
2277 10047
2278 10048
2279 10049
2280 10054
2281 10067
2282 10068
2283 10079
2284 10085
2285 10087
2286 10090
2287 10091
2288 10092
2289 10106
2290 10109
2291 10110
2292 10111
2293 10114
2294 10115
2295 10119
2296 10120
2297 10121
2298 10122
2299 10123
2300 10124
2301 10125
2302 10126
2303 10127
2304 10128
2305 10132
2306 10134
2307 10135
2308 10139
2309 10140
2310 10142
2311 10143
2312 10144
2313 10146
2314 10147
2315 10148
2316 10149
2317 10150
2318 10151
2319 10155
2320 10156
2321 10157
2322 10158
2323 10159
2324 10160
2325 10163
2326 10164
2327 10165
2328 10166
2329 10167
2330 10168
2331 10170
2332 10171
2333 10172
2334 10176
2335 10178
2336 10193
2337 10199
2338 10201
2339 10202
2340 10206
2341 10207
2342 10208
2343 10209
2344 10212
2345 10215
2346 10216
2347 10217
2348 10218
2349 10221
2350 10222
2351 10225
2352 10227
2353 10228
2354 10229
2355 10230
2356 10231
2357 10235
2358 10240
2359 10241
2360 10242
2361 10245
2362 10246
2363 10247
2364 10248
2365 10249
2366 10250
2367 10255
2368 10256
2369 10257
2370 10258
2371 10266
2372 10267
2373 10268
2374 10269
2375 10270
2376 10271
2377 10272
2378 10273
2379 10277
2380 10278
2381 10279
2382 10280
2383 10283
2384 10285
2385 10286
2386 10288
2387 10290
2388 10293
2389 10294
2390 10299
2391 10300
2392 10302
2393 10305
2394 10308
2395 10311
2396 10312
2397 10313
2398 10316
2399 10317
2400 10318
2401 10320
2402 10321
2403 10322
2404 10323
2405 10327
2406 10328
2407 10329
2408 10332
2409 10333
2410 10335
2411 10336
2412 10337
2413 10339
2414 10340
2415 10341
2416 10342
2417 10343
2418 10344
2419 10345
2420 10346
2421 10347
2422 10348
2423 10349
2424 10350
2425 10352
2426 10354
2427 10356
2428 10361
2429 10363
2430 10366
2431 10367
2432 10368
2433 10369
2434 10370
2435 10371
2436 10376
2437 10377
2438 10378
2439 10379
2440 10380
2441 10381
2442 10383
2443 10384
2444 10385
2445 10388
2446 10389
2447 10392
2448 10393
2449 10394
2450 10396
2451 10397
2452 10398
2453 10401
2454 10402
2455 10403
2456 10404
2457 10405
2458 10406
2459 10409
2460 10410
2461 10411
2462 10414
2463 10415
2464 10416
2465 10417
2466 10418
2467 10419
2468 10420
2469 10421
2470 10422
2471 10423
2472 10424
2473 10426
2474 10427
2475 10428
2476 10429
2477 10430
2478 10431
2479 10432
2480 10433
2481 10435
2482 10436
2483 10438
2484 10442
2485 10444
2486 10446
2487 10447
2488 10448
2489 10449
2490 10450
2491 10451
2492 10453
2493 10454
2494 10455
2495 10456
2496 10457
2497 10458
2498 10460
2499 10461
2500 10463
2501 10464
2502 10465
2503 10466
2504 10468
2505 10469
2506 10472
2507 10473
2508 10474
2509 10477
2510 10478
2511 10479
2512 10481
2513 10482
2514 10484
2515 10492
2516 10494
2517 10501
2518 10502
2519 10503
2520 10504
2521 10505
2522 10506
2523 10507
2524 10508
2525 10509
2526 10510
2527 10511
2528 10512
2529 10513
2530 10514
2531 10515
2532 10516
2533 10517
2534 10518
2535 10519
2536 10520
2537 10521
2538 10522
2539 10523
2540 10524
2541 10529
2542 10530
2543 10533
2544 10540
2545 10542
2546 10544
2547 10547
2548 10548
2549 10549
2550 10550
2551 10551
2552 10552
2553 10553
2554 10554
2555 10555
2556 10556
2557 10557
2558 10558
2559 10559
2560 10564
2561 10576
2562 10578
2563 10587
2564 10591
2565 10599
2566 10601
