1 3
2 4
3 5
4 6
5 9
6 10
7 11
8 14
9 17
10 18
11 19
12 20
13 21
14 22
15 23
16 24
17 25
18 26
19 27
20 28
21 29
22 30
23 31
24 32
25 34
26 35
27 36
28 43
29 44
30 45
31 48
32 49
33 50
34 51
35 53
36 55
37 57
38 58
39 61
40 62
41 63
42 64
43 65
44 66
45 67
46 68
47 69
48 70
49 71
50 79
51 87
52 88
53 90
54 91
55 92
56 93
57 94
58 96
59 97
60 103
61 104
62 105
63 107
64 108
65 113
66 114
67 115
68 116
69 117
70 118
71 119
72 120
73 121
74 122
75 123
76 124
77 126
78 127
79 128
80 129
81 130
82 132
83 133
84 134
85 135
86 136
87 137
88 138
89 139
90 141
91 144
92 145
93 147
94 148
95 149
96 150
97 151
98 152
99 153
100 154
101 157
102 162
103 163
104 164
105 168
106 170
107 171
108 173
109 174
110 175
111 176
112 177
113 178
114 179
115 180
116 181
117 182
118 184
119 185
120 188
121 189
122 194
123 195
124 196
125 197
126 198
127 200
128 202
129 204
130 205
131 206
132 208
133 209
134 210
135 211
136 212
137 213
138 214
139 222
140 223
141 225
142 227
143 228
144 230
145 231
146 232
147 233
148 235
149 236
150 237
151 238
152 239
153 240
154 241
155 242
156 244
157 256
158 257
159 258
160 259
161 260
162 263
163 264
164 265
165 267
166 268
167 269
168 270
169 271
170 272
171 273
172 276
173 277
174 279
175 280
176 281
177 282
178 283
179 284
180 285
181 286
182 287
183 288
184 289
185 290
186 291
187 292
188 293
189 294
190 295
191 296
192 297
193 298
194 299
195 300
196 301
197 303
198 304
199 305
200 306
201 309
202 310
203 311
204 312
205 313
206 315
207 317
208 319
209 320
210 321
211 322
212 323
213 324
214 325
215 326
216 327
217 328
218 329
219 330
220 331
221 332
222 333
223 334
224 335
225 336
226 338
227 342
228 343
229 344
230 345
231 347
232 348
233 349
234 350
235 352
236 353
237 356
238 357
239 359
240 360
241 362
242 363
243 364
244 369
245 370
246 371
247 372
248 373
249 374
250 378
251 379
252 381
253 387
254 388
255 391
256 393
257 394
258 395
259 396
260 397
261 398
262 399
263 400
264 401
265 419
266 425
267 426
268 427
269 432
270 435
271 436
272 440
273 453
274 455
275 456
276 457
277 458
278 459
279 470
280 471
281 472
282 474
283 475
284 477
285 479
286 481
287 482
288 487
289 490
290 499
291 500
292 501
293 502
294 504
295 505
296 507
297 508
298 509
299 512
300 513
301 514
302 515
303 516
304 517
305 518
306 519
307 520
308 521
309 523
310 525
311 528
312 529
313 530
314 531
315 532
316 533
317 534
318 536
319 537
320 538
321 539
322 541
323 542
324 543
325 544
326 545
327 546
328 547
329 550
330 552
331 553
332 554
333 555
334 556
335 557
336 558
337 561
338 562
339 563
340 564
341 565
342 566
343 567
344 568
345 569
346 570
347 571
348 572
349 573
350 574
351 575
352 576
353 577
354 583
355 585
356 586
357 587
358 588
359 589
360 590
361 591
362 613
363 614
364 615
365 616
366 617
367 618
368 619
369 620
370 621
371 624
372 625
373 628
374 629
375 630
376 631
377 632
378 633
379 634
380 636
381 637
382 638
383 639
384 646
385 647
386 648
387 649
388 650
389 651
390 652
391 653
392 654
393 655
394 656
395 657
396 661
397 663
398 664
399 665
400 666
401 672
402 673
403 674
404 675
405 678
406 681
407 683
408 684
409 685
410 688
411 693
412 697
413 704
414 705
415 706
416 707
417 708
418 709
419 710
420 711
421 712
422 713
423 714
424 721
425 722
426 723
427 724
428 725
429 726
430 727
431 728
432 729
433 730
434 731
435 732
436 733
437 734
438 735
439 736
440 738
441 740
442 741
443 742
444 743
445 744
446 746
447 747
448 751
449 752
450 754
451 755
452 764
453 765
454 766
455 769
456 770
457 776
458 777
459 779
460 780
461 781
462 782
463 784
464 785
465 791
466 793
467 797
468 799
469 804
470 810
471 812
472 813
473 814
474 818
475 819
476 831
477 832
478 833
479 841
480 845
481 850
482 855
483 858
484 860
485 862
486 863
487 877
488 887
489 889
490 891
491 892
492 893
493 894
494 895
495 896
496 901
497 904
498 907
499 908
500 909
501 910
502 911
503 912
504 913
505 914
506 915
507 916
508 917
509 958
510 991
511 992
512 997
513 1000
514 1001
515 1002
516 1003
517 1004
518 1005
519 1006
520 1007
521 1009
522 1010
523 1011
524 1012
525 1013
526 1014
527 1015
528 1016
529 1017
530 1018
531 1019
532 1026
533 1027
534 1028
535 1029
536 1030
537 1031
538 1032
539 1033
540 1034
541 1035
542 1038
543 1040
544 1041
545 1042
546 1082
547 1083
548 1084
549 1085
550 1087
551 1088
552 1089
553 1090
554 1092
555 1097
556 1098
557 1099
558 1100
559 1101
560 1102
561 1103
562 1104
563 1105
564 1106
565 1107
566 1108
567 1109
568 1110
569 1111
570 1112
571 1113
572 1115
573 1118
574 1119
575 1120
576 1121
577 1122
578 1123
579 1124
580 1125
581 1126
582 1127
583 1128
584 1129
585 1130
586 1131
587 1132
588 1133
589 1134
590 1135
591 1142
592 1143
593 1144
594 1145
595 1146
596 1147
597 1148
598 1150
599 1151
600 1152
601 1153
602 1154
603 1155
604 1156
605 1157
606 1158
607 1159
608 1161
609 1162
610 1163
611 1164
612 1165
613 1166
614 1167
615 1168
616 1169
617 1170
618 1171
619 1172
620 1173
621 1174
622 1193
623 1194
624 1195
625 1196
626 1198
627 1203
628 1204
629 1205
630 1206
631 1207
632 1209
633 1211
634 1212
635 1213
636 1214
637 1215
638 1216
639 1218
640 1220
641 1221
642 1222
643 1223
644 1225
645 1226
646 1227
647 1228
648 1229
649 1230
650 1231
651 1232
652 1233
653 1234
654 1235
655 1236
656 1237
657 1238
658 1239
659 1261
660 1262
661 1263
662 1264
663 1265
664 1266
665 1267
666 1269
667 1270
668 1271
669 1272
670 1273
671 1275
672 1276
673 1277
674 1278
675 1279
676 1280
677 1281
678 1282
679 1283
680 1284
681 1285
682 1286
683 1291
684 1292
685 1294
686 1296
687 1297
688 1298
689 1299
690 1300
691 1301
692 1302
693 1303
694 1304
695 1305
696 1306
697 1307
698 1308
699 1309
700 1310
701 1311
702 1312
703 1314
704 1317
705 1318
706 1319
707 1320
708 1321
709 1322
710 1324
711 1325
712 1326
713 1328
714 1330
715 1331
716 1332
717 1333
718 1334
719 1335
720 1337
721 1338
722 1339
723 1340
724 1343
725 1344
726 1345
727 1346
728 1347
729 1349
730 1351
731 1352
732 1353
733 1354
734 1358
735 1359
736 1360
737 1362
738 1364
739 1365
740 1367
741 1370
742 1371
743 1372
744 1373
745 1374
746 1375
747 1376
748 1377
749 1378
750 1379
751 1380
752 1381
753 1382
754 1383
755 1384
756 1385
757 1386
758 1390
759 1394
760 1395
761 1396
762 1397
763 1398
764 1399
765 1400
766 1401
767 1402
768 1403
769 1404
770 1407
771 1408
772 1414
773 1415
774 1444
775 1447
776 1448
777 1450
778 1451
779 1452
780 1456
781 1460
782 1469
783 1471
784 1474
785 1477
786 1478
787 1479
788 1480
789 1481
790 1482
791 1488
792 1489
793 1490
794 1493
795 1494
796 1495
797 1496
798 1497
799 1503
800 1505
801 1506
802 1507
803 1508
804 1509
805 1510
806 1511
807 1512
808 1513
809 1514
810 1515
811 1519
812 1520
813 1521
814 1523
815 1524
816 1527
817 1528
818 1553
819 1554
820 1555
821 1556
822 1557
823 1558
824 1559
825 1560
826 1561
827 1562
828 1563
829 1564
830 1565
831 1566
832 1567
833 1568
834 1569
835 1570
836 1571
837 1572
838 1573
839 1574
840 1575
841 1576
842 1577
843 1578
844 1579
845 1580
846 1581
847 1582
848 1583
849 1584
850 1585
851 1586
852 1587
853 1588
854 1589
855 1590
856 1591
857 1592
858 1593
859 1594
860 1595
861 1596
862 1597
863 1598
864 1599
865 1600
866 1601
867 1602
868 1603
869 1604
870 1605
871 1606
872 1611
873 1612
874 1613
875 1614
876 1615
877 1617
878 1618
879 1619
880 1621
881 1622
882 1623
883 1624
884 1625
885 1626
886 1627
887 1628
888 1632
889 1633
890 1634
891 1635
892 1675
893 1676
894 1677
895 1680
896 1681
897 1682
898 1685
899 1686
900 1692
901 1693
902 1694
903 1695
904 1696
905 1697
906 1698
907 1699
908 1703
909 1704
910 1705
911 1706
912 1707
913 1708
914 1709
915 1710
916 1711
917 1713
918 1715
919 1716
920 1717
921 1718
922 1719
923 1720
924 1721
925 1722
926 1724
927 1725
928 1726
929 1727
930 1728
931 1731
932 1732
933 1733
934 1734
935 1735
936 1736
937 1743
938 1744
939 1747
940 1752
941 1753
942 1754
943 1755
944 1756
945 1757
946 1758
947 1759
948 1761
949 1764
950 1765
951 1766
952 1767
953 1768
954 1771
955 1776
956 1777
957 1778
958 1779
959 1780
960 1781
961 1782
962 1783
963 1786
964 1787
965 1788
966 1789
967 1790
968 1791
969 1793
970 1794
971 1797
972 1808
973 1810
974 1812
975 1813
976 1815
977 1817
978 1818
979 1819
980 1820
981 1821
982 1825
983 1826
984 1827
985 1828
986 1838
987 1839
988 1840
989 1841
990 1842
991 1843
992 1846
993 1848
994 1849
995 1850
996 1851
997 1852
998 1853
999 1855
1000 1856
1001 1857
1002 1858
1003 1860
1004 1861
1005 1862
1006 1863
1007 1864
1008 1865
1009 1866
1010 1870
1011 1871
1012 1872
1013 1873
1014 1874
1015 1875
1016 1876
1017 1877
1018 1878
1019 1879
1020 1880
1021 1881
1022 1882
1023 1883
1024 1884
1025 1885
1026 1886
1027 1887
1028 1905
1029 1906
1030 1907
1031 1908
1032 1909
1033 1910
1034 1911
1035 1912
1036 1913
1037 1925
1038 1926
1039 1927
1040 1928
1041 1929
1042 1930
1043 1931
1044 1932
1045 1933
1046 1934
1047 1935
1048 1936
1049 1937
1050 1938
1051 1939
1052 1940
1053 1941
1054 1942
1055 1943
1056 1944
1057 1945
1058 1946
1059 1947
1060 1948
1061 1949
1062 1950
1063 1951
1064 1952
1065 1953
1066 1954
1067 1955
1068 1956
1069 1957
1070 1958
1071 1959
1072 1960
1073 1961
1074 1962
1075 1963
1076 1964
1077 1965
1078 1966
1079 1967
1080 1968
1081 1969
1082 1970
1083 1971
1084 1972
1085 1973
1086 1974
1087 1975
1088 1976
1089 1977
1090 1978
1091 1979
1092 1980
1093 1981
1094 1982
1095 1983
1096 1984
1097 1985
1098 1987
1099 1990
1100 1991
1101 1992
1102 1993
1103 1994
1104 1995
1105 1996
1106 1997
1107 1998
1108 1999
1109 2000
1110 2001
1111 2002
1112 2003
1113 2004
1114 2005
1115 2006
1116 2007
1117 2015
1118 2016
1119 2018
1120 2019
1121 2021
1122 2026
1123 2028
1124 2033
1125 2037
1126 2038
1127 2039
1128 2040
1129 2041
1130 2042
1131 2043
1132 2044
1133 2045
1134 2046
1135 2047
1136 2048
1137 2049
1138 2050
1139 2052
1140 2054
1141 2055
1142 2056
1143 2057
1144 2058
1145 2060
1146 2061
1147 2062
1148 2063
1149 2065
1150 2066
1151 2067
1152 2068
1153 2069
1154 2070
1155 2072
1156 2073
1157 2074
1158 2075
1159 2076
1160 2077
1161 2078
1162 2079
1163 2080
1164 2081
1165 2082
1166 2083
1167 2084
1168 2086
1169 2087
1170 2088
1171 2091
1172 2092
1173 2093
1174 2094
1175 2095
1176 2096
1177 2097
1178 2098
1179 2099
1180 2100
1181 2101
1182 2102
1183 2103
1184 2104
1185 2105
1186 2106
1187 2107
1188 2108
1189 2109
1190 2110
1191 2111
1192 2112
1193 2113
1194 2114
1195 2115
1196 2116
1197 2117
1198 2118
1199 2119
1200 2120
1201 2121
1202 2122
1203 2123
1204 2124
1205 2125
1206 2126
1207 2127
1208 2128
1209 2129
1210 2130
1211 2131
1212 2132
1213 2133
1214 2134
1215 2135
1216 2136
1217 2137
1218 2138
1219 2139
1220 2140
1221 2141
1222 2142
1223 2143
1224 2144
1225 2145
1226 2146
1227 2147
1228 2148
1229 2149
1230 2150
1231 2151
1232 2152
1233 2153
1234 2154
1235 2155
1236 2156
1237 2157
1238 2158
1239 2159
1240 2160
1241 2161
1242 2162
1243 2163
1244 2164
1245 2165
1246 2166
1247 2167
1248 2168
1249 2169
1250 2170
1251 2171
1252 2172
1253 2173
1254 2174
1255 2175
1256 2176
1257 2177
1258 2178
1259 2179
1260 2180
1261 2181
1262 2182
1263 2183
1264 2184
1265 2185
1266 2186
1267 2187
1268 2188
1269 2189
1270 2190
1271 2191
1272 2192
1273 2193
1274 2194
1275 2195
1276 2196
1277 2197
1278 2198
1279 2199
1280 2200
1281 2201
1282 2202
1283 2203
1284 2204
1285 2205
1286 2206
1287 2207
1288 2208
1289 2209
1290 2210
1291 2211
1292 2212
1293 2213
1294 2214
1295 2215
1296 2216
1297 2217
1298 2218
1299 2219
1300 2220
1301 2221
1302 2222
1303 2223
1304 2224
1305 2225
1306 2226
1307 2227
1308 2228
1309 2229
1310 2230
1311 2231
1312 2232
1313 2233
1314 2234
1315 2235
1316 2236
1317 2237
1318 2238
1319 2239
1320 2240
1321 2241
1322 2242
1323 2243
1324 2244
1325 2245
1326 2246
1327 2247
1328 2248
1329 2249
1330 2250
1331 2251
1332 2252
1333 2253
1334 2254
1335 2255
1336 2256
1337 2257
1338 2258
1339 2260
1340 2261
1341 2262
1342 2263
1343 2264
1344 2265
1345 2266
1346 2267
1347 2268
1348 2269
1349 2270
1350 2276
1351 2277
1352 2278
1353 2279
1354 2280
1355 2282
1356 2283
1357 2284
1358 2285
1359 2286
1360 2287
1361 2288
1362 2289
1363 2290
1364 2291
1365 2292
1366 2293
1367 2294
1368 2295
1369 2297
1370 2298
1371 2299
1372 2300
1373 2301
1374 2302
1375 2303
1376 2304
1377 2305
1378 2306
1379 2310
1380 2311
1381 2312
1382 2313
1383 2315
1384 2316
1385 2317
1386 2318
1387 2321
1388 2322
1389 2323
1390 2324
1391 2325
1392 2327
1393 2328
1394 2329
1395 2330
1396 2331
1397 2332
1398 2333
1399 2334
1400 2336
1401 2337
1402 2339
1403 2340
1404 2341
1405 2342
1406 2344
1407 2346
1408 2347
1409 2348
1410 2349
1411 2350
1412 2351
1413 2354
1414 2355
1415 2356
1416 2357
1417 2358
1418 2359
1419 2360
1420 2361
1421 2362
1422 2363
1423 2364
1424 2365
1425 2366
1426 2367
1427 2368
1428 2369
1429 2372
1430 2373
1431 2374
1432 2375
1433 2376
1434 2380
1435 2383
1436 2384
1437 2385
1438 2386
1439 2387
1440 2388
1441 2389
1442 2390
1443 2391
1444 2392
1445 2393
1446 2394
1447 2395
1448 2396
1449 2397
1450 2399
1451 2400
1452 2401
1453 2402
1454 2403
1455 2405
1456 2406
1457 2407
1458 2410
1459 2411
1460 2412
1461 2413
1462 2419
1463 2420
1464 2421
1465 2422
1466 2423
1467 2424
1468 2425
1469 2426
1470 2427
1471 2428
1472 2429
1473 2430
1474 2431
1475 2434
1476 2435
1477 2436
1478 2439
1479 2440
1480 2441
1481 2442
1482 2443
1483 2444
1484 2446
1485 2447
1486 2448
1487 2450
1488 2453
1489 2455
1490 2456
1491 2457
1492 2458
1493 2459
1494 2460
1495 2461
1496 2462
1497 2463
1498 2464
1499 2465
1500 2466
1501 2468
1502 2469
1503 2470
1504 2471
1505 2472
1506 2474
1507 2475
1508 2476
1509 2477
1510 2478
1511 2479
1512 2480
1513 2481
1514 2482
1515 2483
1516 2484
1517 2485
1518 2486
1519 2487
1520 2488
1521 2489
1522 2490
1523 2491
1524 2492
1525 2493
1526 2494
1527 2495
1528 2496
1529 2497
1530 2498
1531 2499
1532 2500
1533 2501
1534 2502
1535 2503
1536 2504
1537 2505
1538 2506
1539 2507
1540 2508
1541 2509
1542 2510
1543 2511
1544 2512
1545 2513
1546 2514
1547 2515
1548 2516
1549 2517
1550 2518
1551 2519
1552 2520
1553 2521
1554 2522
1555 2523
1556 2524
1557 2525
1558 2526
1559 2527
1560 2528
1561 2529
1562 2530
1563 2531
1564 2532
1565 2533
1566 2534
1567 2535
1568 2536
1569 2537
1570 2538
1571 2539
1572 2540
1573 2541
1574 2542
1575 2543
1576 2544
1577 2545
1578 2546
1579 2547
1580 2548
1581 2549
1582 2550
1583 2551
1584 2552
1585 2553
1586 2554
1587 2555
1588 2556
1589 2557
1590 2558
1591 2559
1592 2560
1593 2561
1594 2562
1595 2563
1596 2564
1597 2565
1598 2566
1599 2567
1600 2568
1601 2569
1602 2570
1603 2571
1604 2572
1605 2573
1606 2574
1607 2575
1608 2576
1609 2577
1610 2578
1611 2579
1612 2580
1613 2581
1614 2582
1615 2583
1616 2584
1617 2586
1618 2587
1619 2588
1620 2589
1621 2590
1622 2591
1623 2592
1624 2593
1625 2594
1626 2595
1627 2596
1628 2597
1629 2599
1630 2602
1631 2603
1632 2604
1633 2605
1634 2606
1635 2607
1636 2608
1637 2609
1638 2610
1639 2611
1640 2612
1641 2613
1642 2614
1643 2615
1644 2616
1645 2617
1646 2618
1647 2619
1648 2620
1649 2621
1650 2622
1651 2623
1652 2625
1653 2626
1654 2627
1655 2628
1656 2629
1657 2630
1658 2631
1659 2632
1660 2633
1661 2634
1662 2635
1663 2636
1664 2637
1665 2638
1666 2639
1667 2640
1668 2641
1669 2642
1670 2643
1671 2644
1672 2645
1673 2646
1674 2647
1675 2648
1676 2649
1677 2650
1678 2651
1679 2652
1680 2653
1681 2654
1682 2655
1683 2656
1684 2657
1685 2658
1686 2659
1687 2660
1688 2661
1689 2662
1690 2663
1691 2664
1692 2665
1693 2666
1694 2667
1695 2670
1696 2671
1697 2672
1698 2673
1699 2674
1700 2675
1701 2676
1702 2677
1703 2678
1704 2679
1705 2680
1706 2681
1707 2682
1708 2683
1709 2684
1710 2685
1711 2686
1712 2687
1713 2688
1714 2689
1715 2690
1716 2691
1717 2692
1718 2693
1719 2694
1720 2695
1721 2696
1722 2697
1723 2700
1724 2701
1725 2702
1726 2704
1727 2705
1728 2706
1729 2707
1730 2708
1731 2711
1732 2712
1733 2713
1734 2714
1735 2715
1736 2716
1737 2717
1738 2718
1739 2719
1740 2720
1741 2721
1742 2722
1743 2723
1744 2724
1745 2725
1746 2726
1747 2727
1748 2728
1749 2729
1750 2731
1751 2732
1752 2733
1753 2734
1754 2735
1755 2736
1756 2737
1757 2738
1758 2739
1759 2740
1760 2741
1761 2742
1762 2743
1763 2744
1764 2745
1765 2746
1766 2747
1767 2748
1768 2749
1769 2750
1770 2751
1771 2752
1772 2753
1773 2754
1774 2755
1775 2756
1776 2757
1777 2758
1778 2759
1779 2760
1780 2761
1781 2762
1782 2763
1783 2764
1784 2765
1785 2766
1786 2767
1787 2769
1788 2772
1789 2773
1790 2774
1791 2775
1792 2776
1793 2777
1794 2778
1795 2779
1796 2780
1797 2781
1798 2782
1799 2783
1800 2784
1801 2785
1802 2786
1803 2789
1804 2790
1805 2791
1806 2792
1807 2793
1808 2794
1809 2796
1810 2797
1811 2798
1812 2799
1813 2800
1814 2801
1815 2802
1816 2803
1817 2804
1818 2805
1819 2806
1820 2807
1821 2808
1822 2809
1823 2810
1824 2811
1825 2812
1826 2813
1827 2814
1828 2815
1829 2816
1830 2817
1831 2818
1832 2819
1833 2820
1834 2821
1835 2822
1836 2823
1837 2824
1838 2825
1839 2826
1840 2829
1841 2830
1842 2831
1843 2832
1844 2833
1845 2835
1846 2838
1847 2839
1848 2840
1849 2841
1850 2842
1851 2843
1852 2844
1853 2845
1854 2846
1855 2847
1856 2848
1857 2849
1858 2850
1859 2851
1860 2852
1861 2853
1862 2854
1863 2855
1864 2856
1865 2857
1866 2858
1867 2859
1868 2860
1869 2861
1870 2862
1871 2863
1872 2864
1873 2865
1874 2866
1875 2867
1876 2868
1877 2869
1878 2870
1879 2871
1880 2872
1881 2873
1882 2874
1883 2875
1884 2876
1885 2877
1886 2878
1887 2879
1888 2880
1889 2881
1890 2882
1891 2883
1892 2884
1893 2885
1894 2886
1895 2887
1896 2888
1897 2889
1898 2890
1899 2891
1900 2892
1901 2893
1902 2894
1903 2895
1904 2896
1905 2897
1906 2898
1907 2900
1908 2901
1909 2902
1910 2903
1911 2904
1912 2905
1913 2907
1914 2908
1915 2909
1916 2910
1917 2911
1918 2912
1919 2913
1920 2914
1921 2915
1922 2916
1923 2917
1924 2918
1925 2919
1926 2920
1927 2921
1928 2922
1929 2923
1930 2924
1931 2925
1932 2926
1933 2927
1934 2928
1935 2929
1936 2930
1937 2931
1938 2932
1939 2933
1940 2934
1941 2935
1942 2936
1943 2937
1944 2938
1945 2939
1946 2940
1947 2941
1948 2942
1949 2943
1950 2944
1951 2945
1952 2946
1953 2947
1954 2948
1955 2949
1956 2950
1957 2951
1958 2952
1959 2953
1960 2954
1961 2955
1962 2956
1963 2957
1964 2958
1965 2959
1966 2960
1967 2961
1968 2962
1969 2963
1970 2964
1971 2965
1972 2966
1973 2967
1974 2968
1975 2969
1976 2970
1977 2971
1978 2972
1979 2973
1980 2974
1981 2975
1982 2976
1983 2977
1984 2978
1985 2979
1986 2980
1987 2981
1988 2982
1989 2983
1990 2985
1991 2986
1992 2987
1993 2988
1994 2989
1995 2990
1996 2991
1997 2992
1998 2993
1999 2994
2000 2995
2001 2996
2002 2997
2003 2998
2004 2999
2005 3000
2006 3001
2007 3002
2008 3003
2009 3004
2010 3005
2011 3006
2012 3007
2013 3008
2014 3009
2015 3010
2016 3011
2017 3012
2018 3015
2019 3016
2020 3017
2021 3018
2022 3019
2023 3020
2024 3021
2025 3022
2026 3023
2027 3024
2028 3025
2029 3026
2030 3027
2031 3028
2032 3029
2033 3030
2034 3031
2035 3032
2036 3033
2037 3034
2038 3035
2039 3036
2040 3037
2041 3038
2042 3039
2043 3040
2044 3041
2045 3042
2046 3043
2047 3044
2048 3045
2049 3046
2050 3047
2051 3048
2052 3049
2053 3050
2054 3051
2055 3052
2056 3053
2057 3054
2058 3055
2059 3056
2060 3057
2061 3058
2062 3059
2063 3060
2064 3061
2065 3062
2066 3063
2067 3064
2068 3065
2069 3066
2070 3067
2071 3068
2072 3069
2073 3070
2074 3071
2075 3072
2076 3073
2077 3074
2078 3075
2079 3076
2080 3077
2081 3078
2082 3079
2083 3080
2084 3081
2085 3082
2086 3083
2087 3084
2088 3085
2089 3086
2090 3087
2091 3088
2092 3089
2093 3090
2094 3091
2095 3092
2096 3093
2097 3094
2098 3095
2099 3096
2100 3097
2101 3098
2102 3099
2103 3100
2104 3101
2105 3102
2106 3103
2107 3104
2108 3105
2109 3106
2110 3107
2111 3108
2112 3109
2113 3110
2114 3111
2115 3112
2116 3113
2117 3114
2118 3115
2119 3116
2120 3117
2121 3118
2122 3119
2123 3120
2124 3121
2125 3122
2126 3123
2127 3124
2128 3125
2129 3126
2130 3127
2131 3128
2132 3129
2133 3130
2134 3131
2135 3136
2136 3137
2137 3138
2138 3139
2139 3140
2140 3141
2141 3142
2142 3143
2143 3144
2144 3145
2145 3146
2146 3147
2147 3148
2148 3149
2149 3150
2150 3151
2151 3152
2152 3153
2153 3154
2154 3155
2155 3156
2156 3157
2157 3158
2158 3159
2159 3160
2160 3161
2161 3162
2162 3163
2163 3164
2164 3165
2165 3166
2166 3167
2167 3168
2168 3169
2169 3170
2170 3171
2171 3172
2172 3173
2173 3174
2174 3175
2175 3176
2176 3177
2177 3178
2178 3179
2179 3180
2180 3181
2181 3182
2182 3183
2183 3184
2184 3185
2185 3186
2186 3187
2187 3188
2188 3189
2189 3190
2190 3191
2191 3192
2192 3193
2193 3194
2194 3195
2195 3196
2196 3197
2197 3198
2198 3199
2199 3200
2200 3201
2201 3204
2202 3205
2203 3211
2204 3212
2205 3213
2206 3214
2207 3215
2208 3216
2209 3217
2210 3218
2211 3219
2212 3220
2213 3221
2214 3222
2215 3223
2216 3224
2217 3225
2218 3226
2219 3227
2220 3228
2221 3229
2222 3230
2223 3231
2224 3232
2225 3233
2226 3234
2227 3235
2228 3236
2229 3237
2230 3238
2231 3239
2232 3240
2233 3241
2234 3242
2235 3243
2236 3244
2237 3245
2238 3246
2239 3247
2240 3248
2241 3250
2242 3251
2243 3252
2244 3253
2245 3254
2246 3255
2247 3256
2248 3257
2249 3258
2250 3259
2251 3260
2252 3261
2253 3262
2254 3263
2255 3264
2256 3265
2257 3266
2258 3267
2259 3268
2260 3269
2261 3270
2262 3271
2263 3272
2264 3273
2265 3274
2266 3275
2267 3276
2268 3278
2269 3279
2270 3280
2271 3281
2272 3282
2273 3283
2274 3284
2275 3285
2276 3286
2277 3287
2278 3288
2279 3289
2280 3290
2281 3291
2282 3292
2283 3296
2284 3297
2285 3298
2286 3299
2287 3300
2288 3301
2289 3302
2290 3303
2291 3304
2292 3305
2293 3306
2294 3307
2295 3308
2296 3309
2297 3310
2298 3311
2299 3312
2300 3313
2301 3314
2302 3315
2303 3316
2304 3320
2305 3321
2306 3324
2307 3325
2308 3326
2309 3327
2310 3328
2311 3329
2312 3330
2313 3331
2314 3332
2315 3333
2316 3340
2317 3341
2318 3342
2319 3343
2320 3344
2321 3345
2322 3346
2323 3347
2324 3348
2325 3349
2326 3350
2327 3351
2328 3352
2329 3353
2330 3354
2331 3355
2332 3356
2333 3357
2334 3358
2335 3359
2336 3360
2337 3361
2338 3363
2339 3365
2340 3370
2341 3371
2342 3373
2343 3374
2344 3375
2345 3376
2346 3377
2347 3378
2348 3379
2349 3380
2350 3381
2351 3382
2352 3383
2353 3384
2354 3385
2355 3387
2356 3388
2357 3389
2358 3390
2359 3391
2360 3392
2361 3393
2362 3394
2363 3395
2364 3396
2365 3397
2366 3398
2367 3399
2368 3400
2369 3401
2370 3402
2371 3403
2372 3405
2373 3406
2374 3407
2375 3408
2376 3409
2377 3410
2378 3411
2379 3413
2380 3414
2381 3415
2382 3416
2383 3417
2384 3418
2385 3419
2386 3420
2387 3421
2388 3422
2389 3423
2390 3424
2391 3425
2392 3426
2393 3427
2394 3428
2395 3429
2396 3430
2397 3432
2398 3433
2399 3434
2400 3435
2401 3436
2402 3437
2403 3438
2404 3440
2405 3441
2406 3442
2407 3443
2408 3444
2409 3445
2410 3446
2411 3447
2412 3448
2413 3449
2414 3450
2415 3451
2416 3452
2417 3453
2418 3454
2419 3455
2420 3456
2421 3457
2422 3458
2423 3459
2424 3460
2425 3461
2426 3462
2427 3463
2428 3464
2429 3465
2430 3466
2431 3468
2432 3469
2433 3470
2434 3471
2435 3472
2436 3473
2437 3474
2438 3475
2439 3476
2440 3477
2441 3478
2442 3479
2443 3480
2444 3481
2445 3482
2446 3483
2447 3484
2448 3485
2449 3486
2450 3488
2451 3489
2452 3490
2453 3491
2454 3492
2455 3493
2456 3496
2457 3498
2458 3499
2459 3500
2460 3501
2461 3502
2462 3503
2463 3504
2464 3505
2465 3506
2466 3507
2467 3508
2468 3509
2469 3510
2470 3511
2471 3512
2472 3513
2473 3514
2474 3515
2475 3516
2476 3517
2477 3518
2478 3519
2479 3520
2480 3521
2481 3522
2482 3523
2483 3524
2484 3525
2485 3526
2486 3527
2487 3528
2488 3529
2489 3530
2490 3531
2491 3532
2492 3533
2493 3534
2494 3535
2495 3536
2496 3537
2497 3538
2498 3539
2499 3540
2500 3541
2501 3542
2502 3543
2503 3544
2504 3545
2505 3546
2506 3547
2507 3548
2508 3549
2509 3550
2510 3551
2511 3552
2512 3553
2513 3554
2514 3555
2515 3556
2516 3557
2517 3558
2518 3562
2519 3565
2520 3566
2521 3567
2522 3568
2523 3569
2524 3570
2525 3571
2526 3574
2527 3575
2528 3576
2529 3577
2530 3578
2531 3579
2532 3580
2533 3581
2534 3582
2535 3583
2536 3585
2537 3586
2538 3587
2539 3588
2540 3589
2541 3590
2542 3591
2543 3592
2544 3593
2545 3594
2546 3595
2547 3596
2548 3597
2549 3598
2550 3599
2551 3600
2552 3601
2553 3602
2554 3603
2555 3604
2556 3605
2557 3606
2558 3607
2559 3609
2560 3610
2561 3611
2562 3612
2563 3613
2564 3614
2565 3615
2566 3616
2567 3617
2568 3618
2569 3619
2570 3620
2571 3621
2572 3622
2573 3623
2574 3624
2575 3625
2576 3626
2577 3627
2578 3628
2579 3630
2580 3631
2581 3632
2582 3633
2583 3634
2584 3635
2585 3636
2586 3637
2587 3638
2588 3639
2589 3640
2590 3641
2591 3642
2592 3643
2593 3644
2594 3645
2595 3646
2596 3647
2597 3648
2598 3649
2599 3650
2600 3651
2601 3652
2602 3654
2603 3655
2604 3656
2605 3657
2606 3658
2607 3659
2608 3660
2609 3661
2610 3662
2611 3663
2612 3664
2613 3665
2614 3666
2615 3667
2616 3670
2617 3671
2618 3672
2619 3673
2620 3675
2621 3676
2622 3677
2623 3678
2624 3680
2625 3681
2626 3682
2627 3683
2628 3684
2629 3685
2630 3686
2631 3687
2632 3688
2633 3689
2634 3690
2635 3691
2636 3692
2637 3693
2638 3694
2639 3695
2640 3696
2641 3697
2642 3698
2643 3699
2644 3700
2645 3701
2646 3702
2647 3703
2648 3704
2649 3705
2650 3706
2651 3707
2652 3708
2653 3709
2654 3710
2655 3711
2656 3712
2657 3713
2658 3714
2659 3715
2660 3716
2661 3717
2662 3718
2663 3719
2664 3720
2665 3721
2666 3722
2667 3723
2668 3724
2669 3725
2670 3726
2671 3727
2672 3728
2673 3729
2674 3730
2675 3731
2676 3732
2677 3733
2678 3734
2679 3735
2680 3736
2681 3737
2682 3738
2683 3739
2684 3744
2685 3745
2686 3746
2687 3747
2688 3748
2689 3749
2690 3750
2691 3751
2692 3752
2693 3753
2694 3754
2695 3755
2696 3756
2697 3757
2698 3758
2699 3759
2700 3760
2701 3761
2702 3762
2703 3763
2704 3764
2705 3765
2706 3766
2707 3767
2708 3768
2709 3769
2710 3770
2711 3771
2712 3772
2713 3773
2714 3774
2715 3775
2716 3776
2717 3777
2718 3778
2719 3779
2720 3780
2721 3781
2722 3782
2723 3783
2724 3784
2725 3785
2726 3786
2727 3787
2728 3788
2729 3789
2730 3790
2731 3791
2732 3792
2733 3793
2734 3794
2735 3795
2736 3796
2737 3797
2738 3798
2739 3799
2740 3800
2741 3801
2742 3802
2743 3803
2744 3804
2745 3805
2746 3806
2747 3807
2748 3808
2749 3809
2750 3810
2751 3811
2752 3812
2753 3813
2754 3814
2755 3815
2756 3816
2757 3817
2758 3818
2759 3819
2760 3820
2761 3821
2762 3822
2763 3823
2764 3824
2765 3826
2766 3828
2767 3829
2768 3830
2769 3831
2770 3832
2771 3836
2772 3837
2773 3838
2774 3839
2775 3840
2776 3841
2777 3842
2778 3843
2779 3844
2780 3845
2781 3846
2782 3847
2783 3848
2784 3849
2785 3850
2786 3851
2787 3853
2788 3856
2789 3857
2790 3858
2791 3860
2792 3861
2793 3862
2794 3863
2795 3864
2796 3865
2797 3866
2798 3867
2799 3868
2800 3869
2801 3870
2802 3871
2803 3872
2804 3873
2805 3874
2806 3875
2807 3876
2808 3877
2809 3883
2810 3884
2811 3885
2812 3886
2813 3887
2814 3888
2815 3894
2816 3895
2817 3896
2818 3897
2819 3898
2820 3899
2821 3902
2822 3903
2823 3904
2824 3905
2825 3906
2826 3907
2827 3908
2828 3909
2829 3910
2830 3911
2831 3912
2832 3913
2833 3914
2834 3915
2835 3916
2836 3917
2837 3918
2838 3919
2839 3920
2840 3921
2841 3922
2842 3923
2843 3924
2844 3925
2845 3926
2846 3927
2847 3928
2848 3929
2849 3930
2850 3931
2851 3932
2852 3933
2853 3934
2854 3935
2855 3936
2856 3937
2857 3938
2858 3939
2859 3941
2860 3942
2861 3943
2862 3944
2863 3945
2864 3946
2865 3947
2866 3948
2867 3949
2868 3950
2869 3951
2870 3952
2871 3954
2872 3955
2873 3956
2874 3957
2875 3958
2876 3959
2877 3960
2878 3961
2879 3962
2880 3963
2881 3964
2882 3965
2883 3966
2884 3967
2885 3968
2886 3970
2887 3972
2888 3973
2889 3974
2890 3975
2891 3976
2892 3978
2893 3979
2894 3980
2895 3982
2896 3983
2897 3984
2898 3985
2899 3986
2900 3987
2901 3988
2902 3989
2903 3990
2904 3991
2905 3992
2906 3993
2907 3994
2908 3995
2909 3996
2910 3997
2911 3998
2912 3999
2913 4000
2914 4001
2915 4002
2916 4003
2917 4010
2918 4011
2919 4012
2920 4013
2921 4014
2922 4016
2923 4019
2924 4020
2925 4023
2926 4025
2927 4026
2928 4027
2929 4028
2930 4029
2931 4030
2932 4032
2933 4034
2934 4035
2935 4036
2936 4037
2937 4038
2938 4039
2939 4040
2940 4042
2941 4043
2942 4045
2943 4046
2944 4047
2945 4048
2946 4049
2947 4050
2948 4051
2949 4052
2950 4053
2951 4054
2952 4055
2953 4056
2954 4057
2955 4058
2956 4059
2957 4060
2958 4061
2959 4062
2960 4063
2961 4065
2962 4066
2963 4067
2964 4068
2965 4069
2966 4070
2967 4074
2968 4076
2969 4077
2970 4078
2971 4079
2972 4080
2973 4081
2974 4082
2975 4085
2976 4086
2977 4088
2978 4090
2979 4091
2980 4093
2981 4094
2982 4098
2983 4102
2984 4103
2985 4104
2986 4105
2987 4106
2988 4107
2989 4108
2990 4109
2991 4110
2992 4111
2993 4112
2994 4113
2995 4114
2996 4115
2997 4116
2998 4117
2999 4119
3000 4121
3001 4122
3002 4123
3003 4125
3004 4131
3005 4132
3006 4133
3007 4134
3008 4135
3009 4136
3010 4137
3011 4138
3012 4140
3013 4141
3014 4142
3015 4143
3016 4144
3017 4145
3018 4146
3019 4147
3020 4148
3021 4149
3022 4150
3023 4151
3024 4152
3025 4153
3026 4154
3027 4155
3028 4156
3029 4157
3030 4158
3031 4159
3032 4160
3033 4161
3034 4163
3035 4164
3036 4165
3037 4166
3038 4167
3039 4168
3040 4169
3041 4170
3042 4171
3043 4172
3044 4173
3045 4174
3046 4175
3047 4176
3048 4178
3049 4179
3050 4180
3051 4181
3052 4182
3053 4183
3054 4185
3055 4193
3056 4194
3057 4196
3058 4197
3059 4198
3060 4199
3061 4200
3062 4201
3063 4202
3064 4203
3065 4204
3066 4205
3067 4206
3068 4207
3069 4208
3070 4209
3071 4210
3072 4211
3073 4212
3074 4213
3075 4214
3076 4215
3077 4216
3078 4217
3079 4218
3080 4219
3081 4220
3082 4221
3083 4222
3084 4223
3085 4225
3086 4226
3087 4227
3088 4228
3089 4229
3090 4230
3091 4231
3092 4232
3093 4233
3094 4234
3095 4236
3096 4237
3097 4242
3098 4244
3099 4245
3100 4246
3101 4247
3102 4248
3103 4249
3104 4250
3105 4251
3106 4252
3107 4253
3108 4254
3109 4255
3110 4256
3111 4257
3112 4258
3113 4259
3114 4260
3115 4261
3116 4262
3117 4268
3118 4269
3119 4270
3120 4271
3121 4272
3122 4273
3123 4274
3124 4277
3125 4278
3126 4279
3127 4280
3128 4281
3129 4283
3130 4284
3131 4285
3132 4286
3133 4287
3134 4288
3135 4289
3136 4290
3137 4291
3138 4292
3139 4293
3140 4294
3141 4295
3142 4296
3143 4298
3144 4303
3145 4304
3146 4305
3147 4306
3148 4307
3149 4309
3150 4310
3151 4311
3152 4312
3153 4313
3154 4314
3155 4315
3156 4316
3157 4317
3158 4318
3159 4319
3160 4320
3161 4321
3162 4322
3163 4323
3164 4326
3165 4327
3166 4328
3167 4329
3168 4339
3169 4340
3170 4344
3171 4345
3172 4346
3173 4349
3174 4350
3175 4351
3176 4352
3177 4353
3178 4354
3179 4355
3180 4356
3181 4357
3182 4358
3183 4359
3184 4360
3185 4361
3186 4362
3187 4363
3188 4364
3189 4365
3190 4366
3191 4367
3192 4368
3193 4369
3194 4370
3195 4371
3196 4372
3197 4373
3198 4374
3199 4375
3200 4376
3201 4377
3202 4378
3203 4379
3204 4380
3205 4381
3206 4382
3207 4386
3208 4387
3209 4388
3210 4389
3211 4390
3212 4391
3213 4393
3214 4394
3215 4395
3216 4396
3217 4397
3218 4398
3219 4399
3220 4400
3221 4401
3222 4402
3223 4403
3224 4405
3225 4407
3226 4408
3227 4409
3228 4410
3229 4411
3230 4412
3231 4413
3232 4414
3233 4415
3234 4416
3235 4417
3236 4418
3237 4419
3238 4420
3239 4421
3240 4422
3241 4423
3242 4425
3243 4428
3244 4431
3245 4432
3246 4434
3247 4435
3248 4436
3249 4437
3250 4438
3251 4440
3252 4441
3253 4442
3254 4443
3255 4444
3256 4445
3257 4446
3258 4447
3259 4448
3260 4451
3261 4452
3262 4453
3263 4454
3264 4455
3265 4459
3266 4460
3267 4461
3268 4462
3269 4463
3270 4464
3271 4465
3272 4466
3273 4468
3274 4469
3275 4470
3276 4471
3277 4473
3278 4474
3279 4475
3280 4477
3281 4478
3282 4479
3283 4480
3284 4481
3285 4483
3286 4484
3287 4485
3288 4486
3289 4487
3290 4488
3291 4489
3292 4490
3293 4491
3294 4492
3295 4493
3296 4494
3297 4496
3298 4497
3299 4499
3300 4501
3301 4502
3302 4505
3303 4506
3304 4507
3305 4508
3306 4512
3307 4516
3308 4517
3309 4521
3310 4522
3311 4523
3312 4524
3313 4525
3314 4526
3315 4527
3316 4529
3317 4531
3318 4532
3319 4534
3320 4535
3321 4537
3322 4538
3323 4539
3324 4550
3325 4551
3326 4552
3327 4553
3328 4554
3329 4555
3330 4563
3331 4564
3332 4565
3333 4566
3334 4567
3335 4569
3336 4577
3337 4582
3338 4584
3339 4585
3340 4588
3341 4589
3342 4590
3343 4591
3344 4592
3345 4593
3346 4594
3347 4595
3348 4596
3349 4597
3350 4599
3351 4600
3352 4601
3353 4602
3354 4603
3355 4604
3356 4605
3357 4606
3358 4607
3359 4608
3360 4609
3361 4610
3362 4611
3363 4612
3364 4613
3365 4614
3366 4615
3367 4616
3368 4617
3369 4618
3370 4619
3371 4620
3372 4621
3373 4622
3374 4623
3375 4624
3376 4625
3377 4626
3378 4627
3379 4628
3380 4629
3381 4630
3382 4631
3383 4632
3384 4633
3385 4634
3386 4635
3387 4636
3388 4637
3389 4638
3390 4639
3391 4640
3392 4641
3393 4642
3394 4643
3395 4644
3396 4645
3397 4646
3398 4647
3399 4648
3400 4649
3401 4650
3402 4651
3403 4652
3404 4653
3405 4654
3406 4655
3407 4656
3408 4657
3409 4658
3410 4661
3411 4662
3412 4663
3413 4664
3414 4666
3415 4667
3416 4668
3417 4669
3418 4671
3419 4672
3420 4673
3421 4674
3422 4675
3423 4676
3424 4677
3425 4678
3426 4679
3427 4680
3428 4681
3429 4682
3430 4683
3431 4684
3432 4685
3433 4686
3434 4687
3435 4688
3436 4689
3437 4690
3438 4691
3439 4692
3440 4693
3441 4694
3442 4695
3443 4696
3444 4697
3445 4698
3446 4699
3447 4700
3448 4701
3449 4702
3450 4703
3451 4704
3452 4705
3453 4706
3454 4707
3455 4708
3456 4709
3457 4710
3458 4711
3459 4712
3460 4713
3461 4714
3462 4715
3463 4716
3464 4717
3465 4718
3466 4719
3467 4720
3468 4721
3469 4722
3470 4723
3471 4724
3472 4725
3473 4726
3474 4727
3475 4728
3476 4729
3477 4730
3478 4731
3479 4732
3480 4733
3481 4734
3482 4735
3483 4737
3484 4738
3485 4739
3486 4740
3487 4741
3488 4742
3489 4743
3490 4744
3491 4745
3492 4748
3493 4749
3494 4750
3495 4751
3496 4752
3497 4753
3498 4754
3499 4755
3500 4757
3501 4758
3502 4761
3503 4762
3504 4763
3505 4764
3506 4765
3507 4774
3508 4775
3509 4776
3510 4778
3511 4779
3512 4780
3513 4781
3514 4782
3515 4783
3516 4784
3517 4790
3518 4791
3519 4792
3520 4793
3521 4794
3522 4798
3523 4800
3524 4803
3525 4807
3526 4808
3527 4809
3528 4811
3529 4814
3530 4815
3531 4816
3532 4817
3533 4819
3534 4820
3535 4821
3536 4822
3537 4823
3538 4824
3539 4825
3540 4827
3541 4828
3542 4829
3543 4830
3544 4832
3545 4833
3546 4843
3547 4847
3548 4848
3549 4850
3550 4854
3551 4856
3552 4858
3553 4860
3554 4861
3555 4862
3556 4863
3557 4864
3558 4865
3559 4866
3560 4868
3561 4869
3562 4870
3563 4871
3564 4872
3565 4873
3566 4875
3567 4877
3568 4878
3569 4879
3570 4881
3571 4882
3572 4883
3573 4885
3574 4886
3575 4887
3576 4888
3577 4890
3578 4891
3579 4893
3580 4895
3581 4897
3582 4898
3583 4899
3584 4900
3585 4901
3586 4902
3587 4903
3588 4904
3589 4905
3590 4906
3591 4907
3592 4908
3593 4909
3594 4910
3595 4911
3596 4912
3597 4913
3598 4914
3599 4915
3600 4916
3601 4917
3602 4918
3603 4919
3604 4920
3605 4922
3606 4924
3607 4925
3608 4926
3609 4927
3610 4928
3611 4929
3612 4930
3613 4931
3614 4932
3615 4933
3616 4934
3617 4939
3618 4940
3619 4941
3620 4942
3621 4943
3622 4944
3623 4945
3624 4946
3625 4947
3626 4948
3627 4949
3628 4950
3629 4951
3630 4952
3631 4953
3632 4954
3633 4955
3634 4956
3635 4957
3636 4958
3637 4959
3638 4960
3639 4961
3640 4962
3641 4963
3642 4964
3643 4965
3644 4966
3645 4967
3646 4968
3647 4969
3648 4970
3649 4971
3650 4972
3651 4973
3652 4975
3653 4976
3654 4977
3655 4978
3656 4979
3657 4980
3658 4981
3659 4982
3660 4983
3661 4984
3662 4985
3663 4992
3664 4995
3665 4997
3666 5002
3667 5003
3668 5004
3669 5005
3670 5007
3671 5008
3672 5009
3673 5010
3674 5011
3675 5013
3676 5016
3677 5017
3678 5018
3679 5020
3680 5022
3681 5023
3682 5024
3683 5025
3684 5027
3685 5028
3686 5029
3687 5030
3688 5031
3689 5032
3690 5033
3691 5034
3692 5035
3693 5036
3694 5037
3695 5038
3696 5039
3697 5040
3698 5041
3699 5042
3700 5043
3701 5044
3702 5046
3703 5047
3704 5048
3705 5049
3706 5050
3707 5051
3708 5052
3709 5053
3710 5054
3711 5055
3712 5056
3713 5057
3714 5058
3715 5059
3716 5060
3717 5061
3718 5062
3719 5063
3720 5064
3721 5065
3722 5066
3723 5067
3724 5068
3725 5069
3726 5070
3727 5072
3728 5073
3729 5074
3730 5075
3731 5076
3732 5077
3733 5080
3734 5081
3735 5082
3736 5084
3737 5085
3738 5086
3739 5087
3740 5088
3741 5089
3742 5090
3743 5092
3744 5093
3745 5094
3746 5095
3747 5096
3748 5097
3749 5098
3750 5099
3751 5100
3752 5101
3753 5107
3754 5108
3755 5109
3756 5110
3757 5114
3758 5115
3759 5116
3760 5117
3761 5118
3762 5119
3763 5120
3764 5121
3765 5123
3766 5124
3767 5125
3768 5126
3769 5130
3770 5131
3771 5132
3772 5135
3773 5137
3774 5138
3775 5139
3776 5141
3777 5142
3778 5144
3779 5145
3780 5146
3781 5147
3782 5148
3783 5149
3784 5150
3785 5151
3786 5152
3787 5153
3788 5155
3789 5156
3790 5157
3791 5158
3792 5159
3793 5160
3794 5161
3795 5162
3796 5164
3797 5166
3798 5169
3799 5170
3800 5172
3801 5173
3802 5176
3803 5177
3804 5178
3805 5179
3806 5180
3807 5181
3808 5182
3809 5183
3810 5187
3811 5188
3812 5189
3813 5190
3814 5192
3815 5193
3816 5196
3817 5198
3818 5199
3819 5200
3820 5202
3821 5203
3822 5204
3823 5205
3824 5207
3825 5209
3826 5210
3827 5215
3828 5216
3829 5219
3830 5221
3831 5222
3832 5223
3833 5225
3834 5226
3835 5227
3836 5228
3837 5229
3838 5230
3839 5231
3840 5232
3841 5233
3842 5234
3843 5235
3844 5236
3845 5237
3846 5239
3847 5241
3848 5243
3849 5244
3850 5245
3851 5246
3852 5248
3853 5249
3854 5251
3855 5252
3856 5253
3857 5255
3858 5256
3859 5260
3860 5261
3861 5262
3862 5263
3863 5264
3864 5265
3865 5268
3866 5269
3867 5270
3868 5271
3869 5272
3870 5273
3871 5274
3872 5275
3873 5277
3874 5278
3875 5279
3876 5280
3877 5282
3878 5283
3879 5284
3880 5285
3881 5286
3882 5287
3883 5288
3884 5289
3885 5291
3886 5292
3887 5293
3888 5294
3889 5295
3890 5297
3891 5298
3892 5299
3893 5300
3894 5301
3895 5302
3896 5303
3897 5304
3898 5305
3899 5306
3900 5307
3901 5309
3902 5311
3903 5312
3904 5313
3905 5314
3906 5315
3907 5316
3908 5317
3909 5318
3910 5319
3911 5320
3912 5321
3913 5322
3914 5323
3915 5324
3916 5325
3917 5326
3918 5327
3919 5328
3920 5329
3921 5331
3922 5332
3923 5333
3924 5334
3925 5336
3926 5337
3927 5338
3928 5339
3929 5340
3930 5342
3931 5343
3932 5344
3933 5345
3934 5346
3935 5347
3936 5348
3937 5349
3938 5350
3939 5351
3940 5352
3941 5354
3942 5356
3943 5357
3944 5358
3945 5359
3946 5361
3947 5364
3948 5366
3949 5367
3950 5368
3951 5369
3952 5370
3953 5371
3954 5372
3955 5373
3956 5374
3957 5375
3958 5381
3959 5382
3960 5383
3961 5384
3962 5385
3963 5386
3964 5387
3965 5389
3966 5392
3967 5396
3968 5397
3969 5398
3970 5402
3971 5403
3972 5404
3973 5405
3974 5407
3975 5408
3976 5410
3977 5411
3978 5416
3979 5417
3980 5418
3981 5419
3982 5420
3983 5422
3984 5423
3985 5424
3986 5425
3987 5426
3988 5428
3989 5430
3990 5431
3991 5433
3992 5434
3993 5436
3994 5437
3995 5438
3996 3
3997 4
3998 5
3999 6
4000 9
4001 10
4002 11
4003 14
4004 17
4005 18
4006 19
4007 20
4008 21
4009 22
4010 23
4011 24
4012 25
4013 26
4014 27
4015 28
4016 29
4017 30
4018 31
4019 32
4020 34
4021 35
4022 36
4023 43
4024 44
4025 45
4026 48
4027 49
4028 50
4029 51
4030 53
4031 55
4032 57
4033 58
4034 61
4035 62
4036 63
4037 64
4038 65
4039 66
4040 67
4041 68
4042 69
4043 70
4044 71
4045 79
4046 87
4047 88
4048 90
4049 91
4050 92
4051 93
4052 94
4053 96
4054 97
4055 103
4056 104
4057 105
4058 107
4059 108
4060 113
4061 114
4062 115
4063 116
4064 117
4065 118
4066 119
4067 120
4068 121
4069 122
4070 123
4071 124
4072 126
4073 127
4074 128
4075 129
4076 130
4077 132
4078 133
4079 134
4080 135
4081 136
4082 137
4083 138
4084 139
4085 141
4086 144
4087 145
4088 147
4089 148
4090 149
4091 150
4092 151
4093 152
4094 153
4095 154
4096 157
4097 162
4098 163
4099 164
4100 168
4101 170
4102 171
4103 173
4104 174
4105 175
4106 176
4107 177
4108 178
4109 179
4110 180
4111 181
4112 182
4113 184
4114 185
4115 188
4116 189
4117 194
4118 195
4119 196
4120 197
4121 198
4122 200
4123 202
4124 204
4125 205
4126 206
4127 208
4128 209
4129 210
4130 211
4131 212
4132 213
4133 214
4134 222
4135 223
4136 225
4137 227
4138 228
4139 230
4140 231
4141 232
4142 233
4143 235
4144 236
4145 237
4146 238
4147 239
4148 240
4149 241
4150 242
4151 244
4152 256
4153 257
4154 258
4155 259
4156 260
4157 263
4158 264
4159 265
4160 267
4161 268
4162 269
4163 270
4164 271
4165 272
4166 273
4167 276
4168 277
4169 279
4170 280
4171 281
4172 282
4173 283
4174 284
4175 285
4176 286
4177 287
4178 288
4179 289
4180 290
4181 291
4182 292
4183 293
4184 294
4185 295
4186 296
4187 297
4188 298
4189 299
4190 300
4191 301
4192 303
4193 304
4194 305
4195 306
4196 309
4197 310
4198 311
4199 312
4200 313
4201 315
4202 317
4203 319
4204 320
4205 321
4206 322
4207 323
4208 324
4209 325
4210 326
4211 327
4212 328
4213 329
4214 330
4215 331
4216 332
4217 333
4218 334
4219 335
4220 336
4221 338
4222 342
4223 343
4224 344
4225 345
4226 347
4227 348
4228 349
4229 350
4230 352
4231 353
4232 356
4233 357
4234 359
4235 360
4236 362
4237 363
4238 364
4239 369
4240 370
4241 371
4242 372
4243 373
4244 374
4245 378
4246 379
4247 381
4248 387
4249 388
4250 391
4251 393
4252 394
4253 395
4254 396
4255 397
4256 398
4257 399
4258 400
4259 401
4260 419
4261 425
4262 426
4263 427
4264 432
4265 435
4266 436
4267 440
4268 453
4269 455
4270 456
4271 457
4272 458
4273 459
4274 470
4275 471
4276 472
4277 474
4278 475
4279 477
4280 479
4281 481
4282 482
4283 487
4284 490
4285 499
4286 500
4287 501
4288 502
4289 504
4290 505
4291 507
4292 508
4293 509
4294 512
4295 513
4296 514
4297 515
4298 516
4299 517
4300 518
4301 519
4302 520
4303 521
4304 523
4305 525
4306 528
4307 529
4308 530
4309 531
4310 532
4311 533
4312 534
4313 536
4314 537
4315 538
4316 539
4317 541
4318 542
4319 543
4320 544
4321 545
4322 546
4323 547
4324 550
4325 552
4326 553
4327 554
4328 555
4329 556
4330 557
4331 558
4332 561
4333 562
4334 563
4335 564
4336 565
4337 566
4338 567
4339 568
4340 569
4341 570
4342 571
4343 572
4344 573
4345 574
4346 575
4347 576
4348 577
4349 583
4350 585
4351 586
4352 587
4353 588
4354 589
4355 590
4356 591
4357 613
4358 614
4359 615
4360 616
4361 617
4362 618
4363 619
4364 620
4365 621
4366 624
4367 625
4368 628
4369 629
4370 630
4371 631
4372 632
4373 633
4374 634
4375 636
4376 637
4377 638
4378 639
4379 646
4380 647
4381 648
4382 649
4383 650
4384 651
4385 652
4386 653
4387 654
4388 655
4389 656
4390 657
4391 661
4392 663
4393 664
4394 665
4395 666
4396 672
4397 673
4398 674
4399 675
4400 678
4401 681
4402 683
4403 684
4404 685
4405 688
4406 693
4407 697
4408 704
4409 705
4410 706
4411 707
4412 708
4413 709
4414 710
4415 711
4416 712
4417 713
4418 714
4419 721
4420 722
4421 723
4422 724
4423 725
4424 726
4425 727
4426 728
4427 729
4428 730
4429 731
4430 732
4431 733
4432 734
4433 735
4434 736
4435 738
4436 740
4437 741
4438 742
4439 743
4440 744
4441 746
4442 747
4443 751
4444 752
4445 754
4446 755
4447 764
4448 765
4449 766
4450 769
4451 770
4452 776
4453 777
4454 779
4455 780
4456 781
4457 782
4458 784
4459 785
4460 791
4461 793
4462 797
4463 799
4464 804
4465 810
4466 812
4467 813
4468 814
4469 818
4470 819
4471 831
4472 832
4473 833
4474 841
4475 845
4476 850
4477 855
4478 858
4479 860
4480 862
4481 863
4482 877
4483 887
4484 889
4485 891
4486 892
4487 893
4488 894
4489 895
4490 896
4491 901
4492 904
4493 907
4494 908
4495 909
4496 910
4497 911
4498 912
4499 913
4500 914
4501 915
4502 916
4503 917
4504 958
4505 991
4506 992
4507 997
4508 1000
4509 1001
4510 1002
4511 1003
4512 1004
4513 1005
4514 1006
4515 1007
4516 1009
4517 1010
4518 1011
4519 1012
4520 1013
4521 1014
4522 1015
4523 1016
4524 1017
4525 1018
4526 1019
4527 1026
4528 1027
4529 1028
4530 1029
4531 1030
4532 1031
4533 1032
4534 1033
4535 1034
4536 1035
4537 1038
4538 1040
4539 1041
4540 1042
4541 1082
4542 1083
4543 1084
4544 1085
4545 1087
4546 1088
4547 1089
4548 1090
4549 1092
4550 1097
4551 1098
4552 1099
4553 1100
4554 1101
4555 1102
4556 1103
4557 1104
4558 1105
4559 1106
4560 1107
4561 1108
4562 1109
4563 1110
4564 1111
4565 1112
4566 1113
4567 1115
4568 1118
4569 1119
4570 1120
4571 1121
4572 1122
4573 1123
4574 1124
4575 1125
4576 1126
4577 1127
4578 1128
4579 1129
4580 1130
4581 1131
4582 1132
4583 1133
4584 1134
4585 1135
4586 1142
4587 1143
4588 1144
4589 1145
4590 1146
4591 1147
4592 1148
4593 1150
4594 1151
4595 1152
4596 1153
4597 1154
4598 1155
4599 1156
4600 1157
4601 1158
4602 1159
4603 1161
4604 1162
4605 1163
4606 1164
4607 1165
4608 1166
4609 1167
4610 1168
4611 1169
4612 1170
4613 1171
4614 1172
4615 1173
4616 1174
4617 1193
4618 1194
4619 1195
4620 1196
4621 1198
4622 1203
4623 1204
4624 1205
4625 1206
4626 1207
4627 1209
4628 1211
4629 1212
4630 1213
4631 1214
4632 1215
4633 1216
4634 1218
4635 1220
4636 1221
4637 1222
4638 1223
4639 1225
4640 1226
4641 1227
4642 1228
4643 1229
4644 1230
4645 1231
4646 1232
4647 1233
4648 1234
4649 1235
4650 1236
4651 1237
4652 1238
4653 1239
4654 1261
4655 1262
4656 1263
4657 1264
4658 1265
4659 1266
4660 1267
4661 1269
4662 1270
4663 1271
4664 1272
4665 1273
4666 1275
4667 1276
4668 1277
4669 1278
4670 1279
4671 1280
4672 1281
4673 1282
4674 1283
4675 1284
4676 1285
4677 1286
4678 1291
4679 1292
4680 1294
4681 1296
4682 1297
4683 1298
4684 1299
4685 1300
4686 1301
4687 1302
4688 1303
4689 1304
4690 1305
4691 1306
4692 1307
4693 1308
4694 1309
4695 1310
4696 1311
4697 1312
4698 1314
4699 1317
4700 1318
4701 1319
4702 1320
4703 1321
4704 1322
4705 1324
4706 1325
4707 1326
4708 1328
4709 1330
4710 1331
4711 1332
4712 1333
4713 1334
4714 1335
4715 1337
4716 1338
4717 1339
4718 1340
4719 1343
4720 1344
4721 1345
4722 1346
4723 1347
4724 1349
4725 1351
4726 1352
4727 1353
4728 1354
4729 1358
4730 1359
4731 1360
4732 1362
4733 1364
4734 1365
4735 1367
4736 1370
4737 1371
4738 1372
4739 1373
4740 1374
4741 1375
4742 1376
4743 1377
4744 1378
4745 1379
4746 1380
4747 1381
4748 1382
4749 1383
4750 1384
4751 1385
4752 1386
4753 1390
4754 1394
4755 1395
4756 1396
4757 1397
4758 1398
4759 1399
4760 1400
4761 1401
4762 1402
4763 1403
4764 1404
4765 1407
4766 1408
4767 1414
4768 1415
4769 1444
4770 1447
4771 1448
4772 1450
4773 1451
4774 1452
4775 1456
4776 1460
4777 1469
4778 1471
4779 1474
4780 1477
4781 1478
4782 1479
4783 1480
4784 1481
4785 1482
4786 1488
4787 1489
4788 1490
4789 1493
4790 1494
4791 1495
4792 1496
4793 1497
4794 1503
4795 1505
4796 1506
4797 1507
4798 1508
4799 1509
4800 1510
4801 1511
4802 1512
4803 1513
4804 1514
4805 1515
4806 1519
4807 1520
4808 1521
4809 1523
4810 1524
4811 1527
4812 1528
4813 1553
4814 1554
4815 1555
4816 1556
4817 1557
4818 1558
4819 1559
4820 1560
4821 1561
4822 1562
4823 1563
4824 1564
4825 1565
4826 1566
4827 1567
4828 1568
4829 1569
4830 1570
4831 1571
4832 1572
4833 1573
4834 1574
4835 1575
4836 1576
4837 1577
4838 1578
4839 1579
4840 1580
4841 1581
4842 1582
4843 1583
4844 1584
4845 1585
4846 1586
4847 1587
4848 1588
4849 1589
4850 1590
4851 1591
4852 1592
4853 1593
4854 1594
4855 1595
4856 1596
4857 1597
4858 1598
4859 1599
4860 1600
4861 1601
4862 1602
4863 1603
4864 1604
4865 1605
4866 1606
4867 1611
4868 1612
4869 1613
4870 1614
4871 1615
4872 1617
4873 1618
4874 1619
4875 1621
4876 1622
4877 1623
4878 1624
4879 1625
4880 1626
4881 1627
4882 1628
4883 1632
4884 1633
4885 1634
4886 1635
4887 1675
4888 1676
4889 1677
4890 1680
4891 1681
4892 1682
4893 1685
4894 1686
4895 1692
4896 1693
4897 1694
4898 1695
4899 1696
4900 1697
4901 1698
4902 1699
4903 1703
4904 1704
4905 1705
4906 1706
4907 1707
4908 1708
4909 1709
4910 1710
4911 1711
4912 1713
4913 1715
4914 1716
4915 1717
4916 1718
4917 1719
4918 1720
4919 1721
4920 1722
4921 1724
4922 1725
4923 1726
4924 1727
4925 1728
4926 1731
4927 1732
4928 1733
4929 1734
4930 1735
4931 1736
4932 1743
4933 1744
4934 1747
4935 1752
4936 1753
4937 1754
4938 1755
4939 1756
4940 1757
4941 1758
4942 1759
4943 1761
4944 1764
4945 1765
4946 1766
4947 1767
4948 1768
4949 1771
4950 1776
4951 1777
4952 1778
4953 1779
4954 1780
4955 1781
4956 1782
4957 1783
4958 1786
4959 1787
4960 1788
4961 1789
4962 1790
4963 1791
4964 1793
4965 1794
4966 1797
4967 1808
4968 1810
4969 1812
4970 1813
4971 1815
4972 1817
4973 1818
4974 1819
4975 1820
4976 1821
4977 1825
4978 1826
4979 1827
4980 1828
4981 1838
4982 1839
4983 1840
4984 1841
4985 1842
4986 1843
4987 1846
4988 1848
4989 1849
4990 1850
4991 1851
4992 1852
4993 1853
4994 1855
4995 1856
4996 1857
4997 1858
4998 1860
4999 1861
5000 1862
5001 1863
5002 1864
5003 1865
5004 1866
5005 1870
5006 1871
5007 1872
5008 1873
5009 1874
5010 1875
5011 1876
5012 1877
5013 1878
5014 1879
5015 1880
5016 1881
5017 1882
5018 1883
5019 1884
5020 1885
5021 1886
5022 1887
5023 1905
5024 1906
5025 1907
5026 1908
5027 1909
5028 1910
5029 1911
5030 1912
5031 1913
5032 1925
5033 1926
5034 1927
5035 1928
5036 1929
5037 1930
5038 1931
5039 1932
5040 1933
5041 1934
5042 1935
5043 1936
5044 1937
5045 1938
5046 1939
5047 1940
5048 1941
5049 1942
5050 1943
5051 1944
5052 1945
5053 1946
5054 1947
5055 1948
5056 1949
5057 1950
5058 1951
5059 1952
5060 1953
5061 1954
5062 1955
5063 1956
5064 1957
5065 1958
5066 1959
5067 1960
5068 1961
5069 1962
5070 1963
5071 1964
5072 1965
5073 1966
5074 1967
5075 1968
5076 1969
5077 1970
5078 1971
5079 1972
5080 1973
5081 1974
5082 1975
5083 1976
5084 1977
5085 1978
5086 1979
5087 1980
5088 1981
5089 1982
5090 1983
5091 1984
5092 1985
5093 1987
5094 1990
5095 1991
5096 1992
5097 1993
5098 1994
5099 1995
5100 1996
5101 1997
5102 1998
5103 1999
5104 2000
5105 2001
5106 2002
5107 2003
5108 2004
5109 2005
5110 2006
5111 2007
5112 2015
5113 2016
5114 2018
5115 2019
5116 2021
5117 2026
5118 2028
5119 2033
5120 2037
5121 2038
5122 2039
5123 2040
5124 2041
5125 2042
5126 2043
5127 2044
5128 2045
5129 2046
5130 2047
5131 2048
5132 2049
5133 2050
5134 2052
5135 2054
5136 2055
5137 2056
5138 2057
5139 2058
5140 2060
5141 2061
5142 2062
5143 2063
5144 2065
5145 2066
5146 2067
5147 2068
5148 2069
5149 2070
5150 2072
5151 2073
5152 2074
5153 2075
5154 2076
5155 2077
5156 2078
5157 2079
5158 2080
5159 2081
5160 2082
5161 2083
5162 2084
5163 2086
5164 2087
5165 2088
5166 2091
5167 2092
5168 2093
5169 2094
5170 2095
5171 2096
5172 2097
5173 2098
5174 2099
5175 2100
5176 2101
5177 2102
5178 2103
5179 2104
5180 2105
5181 2106
5182 2107
5183 2108
5184 2109
5185 2110
5186 2111
5187 2112
5188 2113
5189 2114
5190 2115
5191 2116
5192 2117
5193 2118
5194 2119
5195 2120
5196 2121
5197 2122
5198 2123
5199 2124
5200 2125
5201 2126
5202 2127
5203 2128
5204 2129
5205 2130
5206 2131
5207 2132
5208 2133
5209 2134
5210 2135
5211 2136
5212 2137
5213 2138
5214 2139
5215 2140
5216 2141
5217 2142
5218 2143
5219 2144
5220 2145
5221 2146
5222 2147
5223 2148
5224 2149
5225 2150
5226 2151
5227 2152
5228 2153
5229 2154
5230 2155
5231 2156
5232 2157
5233 2158
5234 2159
5235 2160
5236 2161
5237 2162
5238 2163
5239 2164
5240 2165
5241 2166
5242 2167
5243 2168
5244 2169
5245 2170
5246 2171
5247 2172
5248 2173
5249 2174
5250 2175
5251 2176
5252 2177
5253 2178
5254 2179
5255 2180
5256 2181
5257 2182
5258 2183
5259 2184
5260 2185
5261 2186
5262 2187
5263 2188
5264 2189
5265 2190
5266 2191
5267 2192
5268 2193
5269 2194
5270 2195
5271 2196
5272 2197
5273 2198
5274 2199
5275 2200
5276 2201
5277 2202
5278 2203
5279 2204
5280 2205
5281 2206
5282 2207
5283 2208
5284 2209
5285 2210
5286 2211
5287 2212
5288 2213
5289 2214
5290 2215
5291 2216
5292 2217
5293 2218
5294 2219
5295 2220
5296 2221
5297 2222
5298 2223
5299 2224
5300 2225
5301 2226
5302 2227
5303 2228
5304 2229
5305 2230
5306 2231
5307 2232
5308 2233
5309 2234
5310 2235
5311 2236
5312 2237
5313 2238
5314 2239
5315 2240
5316 2241
5317 2242
5318 2243
5319 2244
5320 2245
5321 2246
5322 2247
5323 2248
5324 2249
5325 2250
5326 2251
5327 2252
5328 2253
5329 2254
5330 2255
5331 2256
5332 2257
5333 2258
5334 2260
5335 2261
5336 2262
5337 2263
5338 2264
5339 2265
5340 2266
5341 2267
5342 2268
5343 2269
5344 2270
5345 2276
5346 2277
5347 2278
5348 2279
5349 2280
5350 2282
5351 2283
5352 2284
5353 2285
5354 2286
5355 2287
5356 2288
5357 2289
5358 2290
5359 2291
5360 2292
5361 2293
5362 2294
5363 2295
5364 2297
5365 2298
5366 2299
5367 2300
5368 2301
5369 2302
5370 2303
5371 2304
5372 2305
5373 2306
5374 2310
5375 2311
5376 2312
5377 2313
5378 2315
5379 2316
5380 2317
5381 2318
5382 2321
5383 2322
5384 2323
5385 2324
5386 2325
5387 2327
5388 2328
5389 2329
5390 2330
5391 2331
5392 2332
5393 2333
5394 2334
5395 2336
5396 2337
5397 2339
5398 2340
5399 2341
5400 2342
5401 2344
5402 2346
5403 2347
5404 2348
5405 2349
5406 2350
5407 2351
5408 2354
5409 2355
5410 2356
5411 2357
5412 2358
5413 2359
5414 2360
5415 2361
5416 2362
5417 2363
5418 2364
5419 2365
5420 2366
5421 2367
5422 2368
5423 2369
5424 2372
5425 2373
5426 2374
5427 2375
5428 2376
5429 2380
5430 2383
5431 2384
5432 2385
5433 2386
5434 2387
5435 2388
5436 2389
5437 2390
5438 2391
5439 2392
5440 2393
5441 2394
5442 2395
5443 2396
5444 2397
5445 2399
5446 2400
5447 2401
5448 2402
5449 2403
5450 2405
5451 2406
5452 2407
5453 2410
5454 2411
5455 2412
5456 2413
5457 2419
5458 2420
5459 2421
5460 2422
5461 2423
5462 2424
5463 2425
5464 2426
5465 2427
5466 2428
5467 2429
5468 2430
5469 2431
5470 2434
5471 2435
5472 2436
5473 2439
5474 2440
5475 2441
5476 2442
5477 2443
5478 2444
5479 2446
5480 2447
5481 2448
5482 2450
5483 2453
5484 2455
5485 2456
5486 2457
5487 2458
5488 2459
5489 2460
5490 2461
5491 2462
5492 2463
5493 2464
5494 2465
5495 2466
5496 2468
5497 2469
5498 2470
5499 2471
5500 2472
5501 2474
5502 2475
5503 2476
5504 2477
5505 2478
5506 2479
5507 2480
5508 2481
5509 2482
5510 2483
5511 2484
5512 2485
5513 2486
5514 2487
5515 2488
5516 2489
5517 2490
5518 2491
5519 2492
5520 2493
5521 2494
5522 2495
5523 2496
5524 2497
5525 2498
5526 2499
5527 2500
5528 2501
5529 2502
5530 2503
5531 2504
5532 2505
5533 2506
5534 2507
5535 2508
5536 2509
5537 2510
5538 2511
5539 2512
5540 2513
5541 2514
5542 2515
5543 2516
5544 2517
5545 2518
5546 2519
5547 2520
5548 2521
5549 2522
5550 2523
5551 2524
5552 2525
5553 2526
5554 2527
5555 2528
5556 2529
5557 2530
5558 2531
5559 2532
5560 2533
5561 2534
5562 2535
5563 2536
5564 2537
5565 2538
5566 2539
5567 2540
5568 2541
5569 2542
5570 2543
5571 2544
5572 2545
5573 2546
5574 2547
5575 2548
5576 2549
5577 2550
5578 2551
5579 2552
5580 2553
5581 2554
5582 2555
5583 2556
5584 2557
5585 2558
5586 2559
5587 2560
5588 2561
5589 2562
5590 2563
5591 2564
5592 2565
5593 2566
5594 2567
5595 2568
5596 2569
5597 2570
5598 2571
5599 2572
5600 2573
5601 2574
5602 2575
5603 2576
5604 2577
5605 2578
5606 2579
5607 2580
5608 2581
5609 2582
5610 2583
5611 2584
5612 2586
5613 2587
5614 2588
5615 2589
5616 2590
5617 2591
5618 2592
5619 2593
5620 2594
5621 2595
5622 2596
5623 2597
5624 2599
5625 2602
5626 2603
5627 2604
5628 2605
5629 2606
5630 2607
5631 2608
5632 2609
5633 2610
5634 2611
5635 2612
5636 2613
5637 2614
5638 2615
5639 2616
5640 2617
5641 2618
5642 2619
5643 2620
5644 2621
5645 2622
5646 2623
5647 2625
5648 2626
5649 2627
5650 2628
5651 2629
5652 2630
5653 2631
5654 2632
5655 2633
5656 2634
5657 2635
5658 2636
5659 2637
5660 2638
5661 2639
5662 2640
5663 2641
5664 2642
5665 2643
5666 2644
5667 2645
5668 2646
5669 2647
5670 2648
5671 2649
5672 2650
5673 2651
5674 2652
5675 2653
5676 2654
5677 2655
5678 2656
5679 2657
5680 2658
5681 2659
5682 2660
5683 2661
5684 2662
5685 2663
5686 2664
5687 2665
5688 2666
5689 2667
5690 2670
5691 2671
5692 2672
5693 2673
5694 2674
5695 2675
5696 2676
5697 2677
5698 2678
5699 2679
5700 2680
5701 2681
5702 2682
5703 2683
5704 2684
5705 2685
5706 2686
5707 2687
5708 2688
5709 2689
5710 2690
5711 2691
5712 2692
5713 2693
5714 2694
5715 2695
5716 2696
5717 2697
5718 2700
5719 2701
5720 2702
5721 2704
5722 2705
5723 2706
5724 2707
5725 2708
5726 2711
5727 2712
5728 2713
5729 2714
5730 2715
5731 2716
5732 2717
5733 2718
5734 2719
5735 2720
5736 2721
5737 2722
5738 2723
5739 2724
5740 2725
5741 2726
5742 2727
5743 2728
5744 2729
5745 2731
5746 2732
5747 2733
5748 2734
5749 2735
5750 2736
5751 2737
5752 2738
5753 2739
5754 2740
5755 2741
5756 2742
5757 2743
5758 2744
5759 2745
5760 2746
5761 2747
5762 2748
5763 2749
5764 2750
5765 2751
5766 2752
5767 2753
5768 2754
5769 2755
5770 2756
5771 2757
5772 2758
5773 2759
5774 2760
5775 2761
5776 2762
5777 2763
5778 2764
5779 2765
5780 2766
5781 2767
5782 2769
5783 2772
5784 2773
5785 2774
5786 2775
5787 2776
5788 2777
5789 2778
5790 2779
5791 2780
5792 2781
5793 2782
5794 2783
5795 2784
5796 2785
5797 2786
5798 2789
5799 2790
5800 2791
5801 2792
5802 2793
5803 2794
5804 2796
5805 2797
5806 2798
5807 2799
5808 2800
5809 2801
5810 2802
5811 2803
5812 2804
5813 2805
5814 2806
5815 2807
5816 2808
5817 2809
5818 2810
5819 2811
5820 2812
5821 2813
5822 2814
5823 2815
5824 2816
5825 2817
5826 2818
5827 2819
5828 2820
5829 2821
5830 2822
5831 2823
5832 2824
5833 2825
5834 2826
5835 2829
5836 2830
5837 2831
5838 2832
5839 2833
5840 2835
5841 2838
5842 2839
5843 2840
5844 2841
5845 2842
5846 2843
5847 2844
5848 2845
5849 2846
5850 2847
5851 2848
5852 2849
5853 2850
5854 2851
5855 2852
5856 2853
5857 2854
5858 2855
5859 2856
5860 2857
5861 2858
5862 2859
5863 2860
5864 2861
5865 2862
5866 2863
5867 2864
5868 2865
5869 2866
5870 2867
5871 2868
5872 2869
5873 2870
5874 2871
5875 2872
5876 2873
5877 2874
5878 2875
5879 2876
5880 2877
5881 2878
5882 2879
5883 2880
5884 2881
5885 2882
5886 2883
5887 2884
5888 2885
5889 2886
5890 2887
5891 2888
5892 2889
5893 2890
5894 2891
5895 2892
5896 2893
5897 2894
5898 2895
5899 2896
5900 2897
5901 2898
5902 2900
5903 2901
5904 2902
5905 2903
5906 2904
5907 2905
5908 2907
5909 2908
5910 2909
5911 2910
5912 2911
5913 2912
5914 2913
5915 2914
5916 2915
5917 2916
5918 2917
5919 2918
5920 2919
5921 2920
5922 2921
5923 2922
5924 2923
5925 2924
5926 2925
5927 2926
5928 2927
5929 2928
5930 2929
5931 2930
5932 2931
5933 2932
5934 2933
5935 2934
5936 2935
5937 2936
5938 2937
5939 2938
5940 2939
5941 2940
5942 2941
5943 2942
5944 2943
5945 2944
5946 2945
5947 2946
5948 2947
5949 2948
5950 2949
5951 2950
5952 2951
5953 2952
5954 2953
5955 2954
5956 2955
5957 2956
5958 2957
5959 2958
5960 2959
5961 2960
5962 2961
5963 2962
5964 2963
5965 2964
5966 2965
5967 2966
5968 2967
5969 2968
5970 2969
5971 2970
5972 2971
5973 2972
5974 2973
5975 2974
5976 2975
5977 2976
5978 2977
5979 2978
5980 2979
5981 2980
5982 2981
5983 2982
5984 2983
5985 2985
5986 2986
5987 2987
5988 2988
5989 2989
5990 2990
5991 2991
5992 2992
5993 2993
5994 2994
5995 2995
5996 2996
5997 2997
5998 2998
5999 2999
6000 3000
6001 3001
6002 3002
6003 3003
6004 3004
6005 3005
6006 3006
6007 3007
6008 3008
6009 3009
6010 3010
6011 3011
6012 3012
6013 3015
6014 3016
6015 3017
6016 3018
6017 3019
6018 3020
6019 3021
6020 3022
6021 3023
6022 3024
6023 3025
6024 3026
6025 3027
6026 3028
6027 3029
6028 3030
6029 3031
6030 3032
6031 3033
6032 3034
6033 3035
6034 3036
6035 3037
6036 3038
6037 3039
6038 3040
6039 3041
6040 3042
6041 3043
6042 3044
6043 3045
6044 3046
6045 3047
6046 3048
6047 3049
6048 3050
6049 3051
6050 3052
6051 3053
6052 3054
6053 3055
6054 3056
6055 3057
6056 3058
6057 3059
6058 3060
6059 3061
6060 3062
6061 3063
6062 3064
6063 3065
6064 3066
6065 3067
6066 3068
6067 3069
6068 3070
6069 3071
6070 3072
6071 3073
6072 3074
6073 3075
6074 3076
6075 3077
6076 3078
6077 3079
6078 3080
6079 3081
6080 3082
6081 3083
6082 3084
6083 3085
6084 3086
6085 3087
6086 3088
6087 3089
6088 3090
6089 3091
6090 3092
6091 3093
6092 3094
6093 3095
6094 3096
6095 3097
6096 3098
6097 3099
6098 3100
6099 3101
6100 3102
6101 3103
6102 3104
6103 3105
6104 3106
6105 3107
6106 3108
6107 3109
6108 3110
6109 3111
6110 3112
6111 3113
6112 3114
6113 3115
6114 3116
6115 3117
6116 3118
6117 3119
6118 3120
6119 3121
6120 3122
6121 3123
6122 3124
6123 3125
6124 3126
6125 3127
6126 3128
6127 3129
6128 3130
6129 3131
6130 3136
6131 3137
6132 3138
6133 3139
6134 3140
6135 3141
6136 3142
6137 3143
6138 3144
6139 3145
6140 3146
6141 3147
6142 3148
6143 3149
6144 3150
6145 3151
6146 3152
6147 3153
6148 3154
6149 3155
6150 3156
6151 3157
6152 3158
6153 3159
6154 3160
6155 3161
6156 3162
6157 3163
6158 3164
6159 3165
6160 3166
6161 3167
6162 3168
6163 3169
6164 3170
6165 3171
6166 3172
6167 3173
6168 3174
6169 3175
6170 3176
6171 3177
6172 3178
6173 3179
6174 3180
6175 3181
6176 3182
6177 3183
6178 3184
6179 3185
6180 3186
6181 3187
6182 3188
6183 3189
6184 3190
6185 3191
6186 3192
6187 3193
6188 3194
6189 3195
6190 3196
6191 3197
6192 3198
6193 3199
6194 3200
6195 3201
6196 3204
6197 3205
6198 3211
6199 3212
6200 3213
6201 3214
6202 3215
6203 3216
6204 3217
6205 3218
6206 3219
6207 3220
6208 3221
6209 3222
6210 3223
6211 3224
6212 3225
6213 3226
6214 3227
6215 3228
6216 3229
6217 3230
6218 3231
6219 3232
6220 3233
6221 3234
6222 3235
6223 3236
6224 3237
6225 3238
6226 3239
6227 3240
6228 3241
6229 3242
6230 3243
6231 3244
6232 3245
6233 3246
6234 3247
6235 3248
6236 3250
6237 3251
6238 3252
6239 3253
6240 3254
6241 3255
6242 3256
6243 3257
6244 3258
6245 3259
6246 3260
6247 3261
6248 3262
6249 3263
6250 3264
6251 3265
6252 3266
6253 3267
6254 3268
6255 3269
6256 3270
6257 3271
6258 3272
6259 3273
6260 3274
6261 3275
6262 3276
6263 3278
6264 3279
6265 3280
6266 3281
6267 3282
6268 3283
6269 3284
6270 3285
6271 3286
6272 3287
6273 3288
6274 3289
6275 3290
6276 3291
6277 3292
6278 3296
6279 3297
6280 3298
6281 3299
6282 3300
6283 3301
6284 3302
6285 3303
6286 3304
6287 3305
6288 3306
6289 3307
6290 3308
6291 3309
6292 3310
6293 3311
6294 3312
6295 3313
6296 3314
6297 3315
6298 3316
6299 3320
6300 3321
6301 3324
6302 3325
6303 3326
6304 3327
6305 3328
6306 3329
6307 3330
6308 3331
6309 3332
6310 3333
6311 3340
6312 3341
6313 3342
6314 3343
6315 3344
6316 3345
6317 3346
6318 3347
6319 3348
6320 3349
6321 3350
6322 3351
6323 3352
6324 3353
6325 3354
6326 3355
6327 3356
6328 3357
6329 3358
6330 3359
6331 3360
6332 3361
6333 3363
6334 3365
6335 3370
6336 3371
6337 3373
6338 3374
6339 3375
6340 3376
6341 3377
6342 3378
6343 3379
6344 3380
6345 3381
6346 3382
6347 3383
6348 3384
6349 3385
6350 3387
6351 3388
6352 3389
6353 3390
6354 3391
6355 3392
6356 3393
6357 3394
6358 3395
6359 3396
6360 3397
6361 3398
6362 3399
6363 3400
6364 3401
6365 3402
6366 3403
6367 3405
6368 3406
6369 3407
6370 3408
6371 3409
6372 3410
6373 3411
6374 3413
6375 3414
6376 3415
6377 3416
6378 3417
6379 3418
6380 3419
6381 3420
6382 3421
6383 3422
6384 3423
6385 3424
6386 3425
6387 3426
6388 3427
6389 3428
6390 3429
6391 3430
6392 3432
6393 3433
6394 3434
6395 3435
6396 3436
6397 3437
6398 3438
6399 3440
6400 3441
6401 3442
6402 3443
6403 3444
6404 3445
6405 3446
6406 3447
6407 3448
6408 3449
6409 3450
6410 3451
6411 3452
6412 3453
6413 3454
6414 3455
6415 3456
6416 3457
6417 3458
6418 3459
6419 3460
6420 3461
6421 3462
6422 3463
6423 3464
6424 3465
6425 3466
6426 3468
6427 3469
6428 3470
6429 3471
6430 3472
6431 3473
6432 3474
6433 3475
6434 3476
6435 3477
6436 3478
6437 3479
6438 3480
6439 3481
6440 3482
6441 3483
6442 3484
6443 3485
6444 3486
6445 3488
6446 3489
6447 3490
6448 3491
6449 3492
6450 3493
6451 3496
6452 3498
6453 3499
6454 3500
6455 3501
6456 3502
6457 3503
6458 3504
6459 3505
6460 3506
6461 3507
6462 3508
6463 3509
6464 3510
6465 3511
6466 3512
6467 3513
6468 3514
6469 3515
6470 3516
6471 3517
6472 3518
6473 3519
6474 3520
6475 3521
6476 3522
6477 3523
6478 3524
6479 3525
6480 3526
6481 3527
6482 3528
6483 3529
6484 3530
6485 3531
6486 3532
6487 3533
6488 3534
6489 3535
6490 3536
6491 3537
6492 3538
6493 3539
6494 3540
6495 3541
6496 3542
6497 3543
6498 3544
6499 3545
6500 3546
6501 3547
6502 3548
6503 3549
6504 3550
6505 3551
6506 3552
6507 3553
6508 3554
6509 3555
6510 3556
6511 3557
6512 3558
6513 3562
6514 3565
6515 3566
6516 3567
6517 3568
6518 3569
6519 3570
6520 3571
6521 3574
6522 3575
6523 3576
6524 3577
6525 3578
6526 3579
6527 3580
6528 3581
6529 3582
6530 3583
6531 3585
6532 3586
6533 3587
6534 3588
6535 3589
6536 3590
6537 3591
6538 3592
6539 3593
6540 3594
6541 3595
6542 3596
6543 3597
6544 3598
6545 3599
6546 3600
6547 3601
6548 3602
6549 3603
6550 3604
6551 3605
6552 3606
6553 3607
6554 3609
6555 3610
6556 3611
6557 3612
6558 3613
6559 3614
6560 3615
6561 3616
6562 3617
6563 3618
6564 3619
6565 3620
6566 3621
6567 3622
6568 3623
6569 3624
6570 3625
6571 3626
6572 3627
6573 3628
6574 3630
6575 3631
6576 3632
6577 3633
6578 3634
6579 3635
6580 3636
6581 3637
6582 3638
6583 3639
6584 3640
6585 3641
6586 3642
6587 3643
6588 3644
6589 3645
6590 3646
6591 3647
6592 3648
6593 3649
6594 3650
6595 3651
6596 3652
6597 3654
6598 3655
6599 3656
6600 3657
6601 3658
6602 3659
6603 3660
6604 3661
6605 3662
6606 3663
6607 3664
6608 3665
6609 3666
6610 3667
6611 3670
6612 3671
6613 3672
6614 3673
6615 3675
6616 3676
6617 3677
6618 3678
6619 3680
6620 3681
6621 3682
6622 3683
6623 3684
6624 3685
6625 3686
6626 3687
6627 3688
6628 3689
6629 3690
6630 3691
6631 3692
6632 3693
6633 3694
6634 3695
6635 3696
6636 3697
6637 3698
6638 3699
6639 3700
6640 3701
6641 3702
6642 3703
6643 3704
6644 3705
6645 3706
6646 3707
6647 3708
6648 3709
6649 3710
6650 3711
6651 3712
6652 3713
6653 3714
6654 3715
6655 3716
6656 3717
6657 3718
6658 3719
6659 3720
6660 3721
6661 3722
6662 3723
6663 3724
6664 3725
6665 3726
6666 3727
6667 3728
6668 3729
6669 3730
6670 3731
6671 3732
6672 3733
6673 3734
6674 3735
6675 3736
6676 3737
6677 3738
6678 3739
6679 3744
6680 3745
6681 3746
6682 3747
6683 3748
6684 3749
6685 3750
6686 3751
6687 3752
6688 3753
6689 3754
6690 3755
6691 3756
6692 3757
6693 3758
6694 3759
6695 3760
6696 3761
6697 3762
6698 3763
6699 3764
6700 3765
6701 3766
6702 3767
6703 3768
6704 3769
6705 3770
6706 3771
6707 3772
6708 3773
6709 3774
6710 3775
6711 3776
6712 3777
6713 3778
6714 3779
6715 3780
6716 3781
6717 3782
6718 3783
6719 3784
6720 3785
6721 3786
6722 3787
6723 3788
6724 3789
6725 3790
6726 3791
6727 3792
6728 3793
6729 3794
6730 3795
6731 3796
6732 3797
6733 3798
6734 3799
6735 3800
6736 3801
6737 3802
6738 3803
6739 3804
6740 3805
6741 3806
6742 3807
6743 3808
6744 3809
6745 3810
6746 3811
6747 3812
6748 3813
6749 3814
6750 3815
6751 3816
6752 3817
6753 3818
6754 3819
6755 3820
6756 3821
6757 3822
6758 3823
6759 3824
6760 3826
6761 3828
6762 3829
6763 3830
6764 3831
6765 3832
6766 3836
6767 3837
6768 3838
6769 3839
6770 3840
6771 3841
6772 3842
6773 3843
6774 3844
6775 3845
6776 3846
6777 3847
6778 3848
6779 3849
6780 3850
6781 3851
6782 3853
6783 3856
6784 3857
6785 3858
6786 3860
6787 3861
6788 3862
6789 3863
6790 3864
6791 3865
6792 3866
6793 3867
6794 3868
6795 3869
6796 3870
6797 3871
6798 3872
6799 3873
6800 3874
6801 3875
6802 3876
6803 3877
6804 3883
6805 3884
6806 3885
6807 3886
6808 3887
6809 3888
6810 3894
6811 3895
6812 3896
6813 3897
6814 3898
6815 3899
6816 3902
6817 3903
6818 3904
6819 3905
6820 3906
6821 3907
6822 3908
6823 3909
6824 3910
6825 3911
6826 3912
6827 3913
6828 3914
6829 3915
6830 3916
6831 3917
6832 3918
6833 3919
6834 3920
6835 3921
6836 3922
6837 3923
6838 3924
6839 3925
6840 3926
6841 3927
6842 3928
6843 3929
6844 3930
6845 3931
6846 3932
6847 3933
6848 3934
6849 3935
6850 3936
6851 3937
6852 3938
6853 3939
6854 3941
6855 3942
6856 3943
6857 3944
6858 3945
6859 3946
6860 3947
6861 3948
6862 3949
6863 3950
6864 3951
6865 3952
6866 3954
6867 3955
6868 3956
6869 3957
6870 3958
6871 3959
6872 3960
6873 3961
6874 3962
6875 3963
6876 3964
6877 3965
6878 3966
6879 3967
6880 3968
6881 3970
6882 3972
6883 3973
6884 3974
6885 3975
6886 3976
6887 3978
6888 3979
6889 3980
6890 3982
6891 3983
6892 3984
6893 3985
6894 3986
6895 3987
6896 3988
6897 3989
6898 3990
6899 3991
6900 3992
6901 3993
6902 3994
6903 3995
6904 3996
6905 3997
6906 3998
6907 3999
6908 4000
6909 4001
6910 4002
6911 4003
6912 4010
6913 4011
6914 4012
6915 4013
6916 4014
6917 4016
6918 4019
6919 4020
6920 4023
6921 4025
6922 4026
6923 4027
6924 4028
6925 4029
6926 4030
6927 4032
6928 4034
6929 4035
6930 4036
6931 4037
6932 4038
6933 4039
6934 4040
6935 4042
6936 4043
6937 4045
6938 4046
6939 4047
6940 4048
6941 4049
6942 4050
6943 4051
6944 4052
6945 4053
6946 4054
6947 4055
6948 4056
6949 4057
6950 4058
6951 4059
6952 4060
6953 4061
6954 4062
6955 4063
6956 4065
6957 4066
6958 4067
6959 4068
6960 4069
6961 4070
6962 4074
6963 4076
6964 4077
6965 4078
6966 4079
6967 4080
6968 4081
6969 4082
6970 4085
6971 4086
6972 4088
6973 4090
6974 4091
6975 4093
6976 4094
6977 4098
6978 4102
6979 4103
6980 4104
6981 4105
6982 4106
6983 4107
6984 4108
6985 4109
6986 4110
6987 4111
6988 4112
6989 4113
6990 4114
6991 4115
6992 4116
6993 4117
6994 4119
6995 4121
6996 4122
6997 4123
6998 4125
6999 4131
7000 4132
7001 4133
7002 4134
7003 4135
7004 4136
7005 4137
7006 4138
7007 4140
7008 4141
7009 4142
7010 4143
7011 4144
7012 4145
7013 4146
7014 4147
7015 4148
7016 4149
7017 4150
7018 4151
7019 4152
7020 4153
7021 4154
7022 4155
7023 4156
7024 4157
7025 4158
7026 4159
7027 4160
7028 4161
7029 4163
7030 4164
7031 4165
7032 4166
7033 4167
7034 4168
7035 4169
7036 4170
7037 4171
7038 4172
7039 4173
7040 4174
7041 4175
7042 4176
7043 4178
7044 4179
7045 4180
7046 4181
7047 4182
7048 4183
7049 4185
7050 4193
7051 4194
7052 4196
7053 4197
7054 4198
7055 4199
7056 4200
7057 4201
7058 4202
7059 4203
7060 4204
7061 4205
7062 4206
7063 4207
7064 4208
7065 4209
7066 4210
7067 4211
7068 4212
7069 4213
7070 4214
7071 4215
7072 4216
7073 4217
7074 4218
7075 4219
7076 4220
7077 4221
7078 4222
7079 4223
7080 4225
7081 4226
7082 4227
7083 4228
7084 4229
7085 4230
7086 4231
7087 4232
7088 4233
7089 4234
7090 4236
7091 4237
7092 4242
7093 4244
7094 4245
7095 4246
7096 4247
7097 4248
7098 4249
7099 4250
7100 4251
7101 4252
7102 4253
7103 4254
7104 4255
7105 4256
7106 4257
7107 4258
7108 4259
7109 4260
7110 4261
7111 4262
7112 4268
7113 4269
7114 4270
7115 4271
7116 4272
7117 4273
7118 4274
7119 4277
7120 4278
7121 4279
7122 4280
7123 4281
7124 4283
7125 4284
7126 4285
7127 4286
7128 4287
7129 4288
7130 4289
7131 4290
7132 4291
7133 4292
7134 4293
7135 4294
7136 4295
7137 4296
7138 4298
7139 4303
7140 4304
7141 4305
7142 4306
7143 4307
7144 4309
7145 4310
7146 4311
7147 4312
7148 4313
7149 4314
7150 4315
7151 4316
7152 4317
7153 4318
7154 4319
7155 4320
7156 4321
7157 4322
7158 4323
7159 4326
7160 4327
7161 4328
7162 4329
7163 4339
7164 4340
7165 4344
7166 4345
7167 4346
7168 4349
7169 4350
7170 4351
7171 4352
7172 4353
7173 4354
7174 4355
7175 4356
7176 4357
7177 4358
7178 4359
7179 4360
7180 4361
7181 4362
7182 4363
7183 4364
7184 4365
7185 4366
7186 4367
7187 4368
7188 4369
7189 4370
7190 4371
7191 4372
7192 4373
7193 4374
7194 4375
7195 4376
7196 4377
7197 4378
7198 4379
7199 4380
7200 4381
7201 4382
7202 4386
7203 4387
7204 4388
7205 4389
7206 4390
7207 4391
7208 4393
7209 4394
7210 4395
7211 4396
7212 4397
7213 4398
7214 4399
7215 4400
7216 4401
7217 4402
7218 4403
7219 4405
7220 4407
7221 4408
7222 4409
7223 4410
7224 4411
7225 4412
7226 4413
7227 4414
7228 4415
7229 4416
7230 4417
7231 4418
7232 4419
7233 4420
7234 4421
7235 4422
7236 4423
7237 4425
7238 4428
7239 4431
7240 4432
7241 4434
7242 4435
7243 4436
7244 4437
7245 4438
7246 4440
7247 4441
7248 4442
7249 4443
7250 4444
7251 4445
7252 4446
7253 4447
7254 4448
7255 4451
7256 4452
7257 4453
7258 4454
7259 4455
7260 4459
7261 4460
7262 4461
7263 4462
7264 4463
7265 4464
7266 4465
7267 4466
7268 4468
7269 4469
7270 4470
7271 4471
7272 4473
7273 4474
7274 4475
7275 4477
7276 4478
7277 4479
7278 4480
7279 4481
7280 4483
7281 4484
7282 4485
7283 4486
7284 4487
7285 4488
7286 4489
7287 4490
7288 4491
7289 4492
7290 4493
7291 4494
7292 4496
7293 4497
7294 4499
7295 4501
7296 4502
7297 4505
7298 4506
7299 4507
7300 4508
7301 4512
7302 4516
7303 4517
7304 4521
7305 4522
7306 4523
7307 4524
7308 4525
7309 4526
7310 4527
7311 4529
7312 4531
7313 4532
7314 4534
7315 4535
7316 4537
7317 4538
7318 4539
7319 4550
7320 4551
7321 4552
7322 4553
7323 4554
7324 4555
7325 4563
7326 4564
7327 4565
7328 4566
7329 4567
7330 4569
7331 4577
7332 4582
7333 4584
7334 4585
7335 4588
7336 4589
7337 4590
7338 4591
7339 4592
7340 4593
7341 4594
7342 4595
7343 4596
7344 4597
7345 4599
7346 4600
7347 4601
7348 4602
7349 4603
7350 4604
7351 4605
7352 4606
7353 4607
7354 4608
7355 4609
7356 4610
7357 4611
7358 4612
7359 4613
7360 4614
7361 4615
7362 4616
7363 4617
7364 4618
7365 4619
7366 4620
7367 4621
7368 4622
7369 4623
7370 4624
7371 4625
7372 4626
7373 4627
7374 4628
7375 4629
7376 4630
7377 4631
7378 4632
7379 4633
7380 4634
7381 4635
7382 4636
7383 4637
7384 4638
7385 4639
7386 4640
7387 4641
7388 4642
7389 4643
7390 4644
7391 4645
7392 4646
7393 4647
7394 4648
7395 4649
7396 4650
7397 4651
7398 4652
7399 4653
7400 4654
7401 4655
7402 4656
7403 4657
7404 4658
7405 4661
7406 4662
7407 4663
7408 4664
7409 4666
7410 4667
7411 4668
7412 4669
7413 4671
7414 4672
7415 4673
7416 4674
7417 4675
7418 4676
7419 4677
7420 4678
7421 4679
7422 4680
7423 4681
7424 4682
7425 4683
7426 4684
7427 4685
7428 4686
7429 4687
7430 4688
7431 4689
7432 4690
7433 4691
7434 4692
7435 4693
7436 4694
7437 4695
7438 4696
7439 4697
7440 4698
7441 4699
7442 4700
7443 4701
7444 4702
7445 4703
7446 4704
7447 4705
7448 4706
7449 4707
7450 4708
7451 4709
7452 4710
7453 4711
7454 4712
7455 4713
7456 4714
7457 4715
7458 4716
7459 4717
7460 4718
7461 4719
7462 4720
7463 4721
7464 4722
7465 4723
7466 4724
7467 4725
7468 4726
7469 4727
7470 4728
7471 4729
7472 4730
7473 4731
7474 4732
7475 4733
7476 4734
7477 4735
7478 4737
7479 4738
7480 4739
7481 4740
7482 4741
7483 4742
7484 4743
7485 4744
7486 4745
7487 4748
7488 4749
7489 4750
7490 4751
7491 4752
7492 4753
7493 4754
7494 4755
7495 4757
7496 4758
7497 4761
7498 4762
7499 4763
7500 4764
7501 4765
7502 4774
7503 4775
7504 4776
7505 4778
7506 4779
7507 4780
7508 4781
7509 4782
7510 4783
7511 4784
7512 4790
7513 4791
7514 4792
7515 4793
7516 4794
7517 4798
7518 4800
7519 4803
7520 4807
7521 4808
7522 4809
7523 4811
7524 4814
7525 4815
7526 4816
7527 4817
7528 4819
7529 4820
7530 4821
7531 4822
7532 4823
7533 4824
7534 4825
7535 4827
7536 4828
7537 4829
7538 4830
7539 4832
7540 4833
7541 4843
7542 4847
7543 4848
7544 4850
7545 4854
7546 4856
7547 4858
7548 4860
7549 4861
7550 4862
7551 4863
7552 4864
7553 4865
7554 4866
7555 4868
7556 4869
7557 4870
7558 4871
7559 4872
7560 4873
7561 4875
7562 4877
7563 4878
7564 4879
7565 4881
7566 4882
7567 4883
7568 4885
7569 4886
7570 4887
7571 4888
7572 4890
7573 4891
7574 4893
7575 4895
7576 4897
7577 4898
7578 4899
7579 4900
7580 4901
7581 4902
7582 4903
7583 4904
7584 4905
7585 4906
7586 4907
7587 4908
7588 4909
7589 4910
7590 4911
7591 4912
7592 4913
7593 4914
7594 4915
7595 4916
7596 4917
7597 4918
7598 4919
7599 4920
7600 4922
7601 4924
7602 4925
7603 4926
7604 4927
7605 4928
7606 4929
7607 4930
7608 4931
7609 4932
7610 4933
7611 4934
7612 4939
7613 4940
7614 4941
7615 4942
7616 4943
7617 4944
7618 4945
7619 4946
7620 4947
7621 4948
7622 4949
7623 4950
7624 4951
7625 4952
7626 4953
7627 4954
7628 4955
7629 4956
7630 4957
7631 4958
7632 4959
7633 4960
7634 4961
7635 4962
7636 4963
7637 4964
7638 4965
7639 4966
7640 4967
7641 4968
7642 4969
7643 4970
7644 4971
7645 4972
7646 4973
7647 4975
7648 4976
7649 4977
7650 4978
7651 4979
7652 4980
7653 4981
7654 4982
7655 4983
7656 4984
7657 4985
7658 4992
7659 4995
7660 4997
7661 5002
7662 5003
7663 5004
7664 5005
7665 5007
7666 5008
7667 5009
7668 5010
7669 5011
7670 5013
7671 5016
7672 5017
7673 5018
7674 5020
7675 5022
7676 5023
7677 5024
7678 5025
7679 5027
7680 5028
7681 5029
7682 5030
7683 5031
7684 5032
7685 5033
7686 5034
7687 5035
7688 5036
7689 5037
7690 5038
7691 5039
7692 5040
7693 5041
7694 5042
7695 5043
7696 5044
7697 5046
7698 5047
7699 5048
7700 5049
7701 5050
7702 5051
7703 5052
7704 5053
7705 5054
7706 5055
7707 5056
7708 5057
7709 5058
7710 5059
7711 5060
7712 5061
7713 5062
7714 5063
7715 5064
7716 5065
7717 5066
7718 5067
7719 5068
7720 5069
7721 5070
7722 5072
7723 5073
7724 5074
7725 5075
7726 5076
7727 5077
7728 5080
7729 5081
7730 5082
7731 5084
7732 5085
7733 5086
7734 5087
7735 5088
7736 5089
7737 5090
7738 5092
7739 5093
7740 5094
7741 5095
7742 5096
7743 5097
7744 5098
7745 5099
7746 5100
7747 5101
7748 5107
7749 5108
7750 5109
7751 5110
7752 5114
7753 5115
7754 5116
7755 5117
7756 5118
7757 5119
7758 5120
7759 5121
7760 5123
7761 5124
7762 5125
7763 5126
7764 5130
7765 5131
7766 5132
7767 5135
7768 5137
7769 5138
7770 5139
7771 5141
7772 5142
7773 5144
7774 5145
7775 5146
7776 5147
7777 5148
7778 5149
7779 5150
7780 5151
7781 5152
7782 5153
7783 5155
7784 5156
7785 5157
7786 5158
7787 5159
7788 5160
7789 5161
7790 5162
7791 5164
7792 5166
7793 5169
7794 5170
7795 5172
7796 5173
7797 5176
7798 5177
7799 5178
7800 5179
7801 5180
7802 5181
7803 5182
7804 5183
7805 5187
7806 5188
7807 5189
7808 5190
7809 5192
7810 5193
7811 5196
7812 5198
7813 5199
7814 5200
7815 5202
7816 5203
7817 5204
7818 5205
7819 5207
7820 5209
7821 5210
7822 5215
7823 5216
7824 5219
7825 5221
7826 5222
7827 5223
7828 5225
7829 5226
7830 5227
7831 5228
7832 5229
7833 5230
7834 5231
7835 5232
7836 5233
7837 5234
7838 5235
7839 5236
7840 5237
7841 5239
7842 5241
7843 5243
7844 5244
7845 5245
7846 5246
7847 5248
7848 5249
7849 5251
7850 5252
7851 5253
7852 5255
7853 5256
7854 5260
7855 5261
7856 5262
7857 5263
7858 5264
7859 5265
7860 5268
7861 5269
7862 5270
7863 5271
7864 5272
7865 5273
7866 5274
7867 5275
7868 5277
7869 5278
7870 5279
7871 5280
7872 5282
7873 5283
7874 5284
7875 5285
7876 5286
7877 5287
7878 5288
7879 5289
7880 5291
7881 5292
7882 5293
7883 5294
7884 5295
7885 5297
7886 5298
7887 5299
7888 5300
7889 5301
7890 5302
7891 5303
7892 5304
7893 5305
7894 5306
7895 5307
7896 5309
7897 5311
7898 5312
7899 5313
7900 5314
7901 5315
7902 5316
7903 5317
7904 5318
7905 5319
7906 5320
7907 5321
7908 5322
7909 5323
7910 5324
7911 5325
7912 5326
7913 5327
7914 5328
7915 5329
7916 5331
7917 5332
7918 5333
7919 5334
7920 5336
7921 5337
7922 5338
7923 5339
7924 5340
7925 5342
7926 5343
7927 5344
7928 5345
7929 5346
7930 5347
7931 5348
7932 5349
7933 5350
7934 5351
7935 5352
7936 5354
7937 5356
7938 5357
7939 5358
7940 5359
7941 5361
7942 5364
7943 5366
7944 5367
7945 5368
7946 5369
7947 5370
7948 5371
7949 5372
7950 5373
7951 5374
7952 5375
7953 5381
7954 5382
7955 5383
7956 5384
7957 5385
7958 5386
7959 5387
7960 5389
7961 5392
7962 5396
7963 5397
7964 5398
7965 5402
7966 5403
7967 5404
7968 5405
7969 5407
7970 5408
7971 5410
7972 5411
7973 5416
7974 5417
7975 5418
7976 5419
7977 5420
7978 5422
7979 5423
7980 5424
7981 5425
7982 5426
7983 5428
7984 5430
7985 5431
7986 5433
7987 5434
7988 5436
7989 5437
7990 5438
