1 3
2 4
3 5
4 6
5 9
6 10
7 11
8 14
9 17
10 18
11 19
12 20
13 21
14 22
15 23
16 24
17 25
18 26
19 27
20 28
21 29
22 30
23 31
24 32
25 34
26 35
27 36
28 43
29 44
30 45
31 48
32 49
33 50
34 51
35 53
36 55
37 57
38 58
39 61
40 62
41 63
42 64
43 65
44 66
45 67
46 68
47 69
48 70
49 71
50 79
51 87
52 88
53 90
54 91
55 92
56 93
57 94
58 96
59 97
60 103
61 104
62 105
63 107
64 108
65 113
66 114
67 115
68 116
69 117
70 118
71 119
72 120
73 121
74 122
75 123
76 124
77 126
78 127
79 128
80 129
81 130
82 132
83 133
84 134
85 135
86 136
87 137
88 138
89 139
90 141
91 144
92 145
93 147
94 148
95 149
96 150
97 151
98 152
99 153
100 154
101 157
102 162
103 163
104 164
105 168
106 170
107 171
108 173
109 174
110 175
111 176
112 177
113 178
114 179
115 180
116 181
117 182
118 184
119 185
120 188
121 189
122 194
123 195
124 196
125 197
126 198
127 200
128 202
129 204
130 205
131 206
132 208
133 209
134 210
135 211
136 212
137 213
138 214
139 222
140 223
141 225
142 227
143 228
144 230
145 231
146 232
147 233
148 235
149 236
150 237
151 238
152 239
153 240
154 241
155 242
156 244
157 256
158 257
159 258
160 259
161 260
162 263
163 264
164 265
165 267
166 268
167 269
168 270
169 271
170 272
171 273
172 276
173 277
174 279
175 280
176 281
177 282
178 283
179 284
180 285
181 286
182 287
183 288
184 289
185 290
186 291
187 292
188 293
189 294
190 295
191 296
192 297
193 298
194 299
195 300
196 301
197 303
198 304
199 305
200 306
201 309
202 310
203 311
204 312
205 313
206 315
207 317
208 319
209 320
210 321
211 322
212 323
213 324
214 325
215 326
216 327
217 328
218 329
219 330
220 331
221 332
222 333
223 334
224 335
225 336
226 338
227 342
228 343
229 344
230 345
231 347
232 348
233 349
234 350
235 352
236 353
237 356
238 357
239 359
240 360
241 362
242 363
243 364
244 369
245 370
246 371
247 372
248 373
249 374
250 378
251 379
252 381
253 387
254 388
255 391
256 393
257 394
258 395
259 396
260 397
261 398
262 399
263 400
264 401
265 419
266 425
267 426
268 427
269 432
270 435
271 436
272 440
273 453
274 455
275 456
276 457
277 458
278 459
279 470
280 471
281 472
282 474
283 475
284 477
285 479
286 481
287 482
288 487
289 490
290 499
291 500
292 501
293 502
294 504
295 505
296 507
297 508
298 509
299 512
300 513
301 514
302 515
303 516
304 517
305 518
306 519
307 520
308 521
309 523
310 525
311 528
312 529
313 530
314 531
315 532
316 533
317 534
318 536
319 537
320 538
321 539
322 541
323 542
324 543
325 544
326 545
327 546
328 547
329 550
330 552
331 553
332 554
333 555
334 556
335 557
336 558
337 561
338 562
339 563
340 564
341 565
342 566
343 567
344 568
345 569
346 570
347 571
348 572
349 573
350 574
351 575
352 576
353 577
354 583
355 585
356 586
357 587
358 588
359 589
360 590
361 591
362 613
363 614
364 615
365 616
366 617
367 618
368 619
369 620
370 621
371 624
372 625
373 628
374 629
375 630
376 631
377 632
378 633
379 634
380 636
381 637
382 638
383 639
384 646
385 647
386 648
387 649
388 650
389 651
390 652
391 653
392 654
393 655
394 656
395 657
396 661
397 663
398 664
399 665
400 666
401 672
402 673
403 674
404 675
405 678
406 681
407 683
408 684
409 685
410 688
411 693
412 697
413 704
414 705
415 706
416 707
417 708
418 709
419 710
420 711
421 712
422 713
423 714
424 721
425 722
426 723
427 724
428 725
429 726
430 727
431 728
432 729
433 730
434 731
435 732
436 733
437 734
438 735
439 736
440 738
441 740
442 741
443 742
444 743
445 744
446 746
447 747
448 751
449 752
450 754
451 755
452 764
453 765
454 766
455 769
456 770
457 776
458 777
459 779
460 780
461 781
462 782
463 784
464 785
465 791
466 793
467 797
468 799
469 804
470 810
471 812
472 813
473 814
474 818
475 819
476 831
477 832
478 833
479 841
480 845
481 850
482 855
483 858
484 860
485 862
486 863
487 877
488 887
489 889
490 891
491 892
492 893
493 894
494 895
495 896
496 901
497 904
498 907
499 908
500 909
501 910
502 911
503 912
504 913
505 914
506 915
507 916
508 917
509 958
510 991
511 992
512 997
513 1000
514 1001
515 1002
516 1003
517 1004
518 1005
519 1006
520 1007
521 1009
522 1010
523 1011
524 1012
525 1013
526 1014
527 1015
528 1016
529 1017
530 1018
531 1019
532 1026
533 1027
534 1028
535 1029
536 1030
537 1031
538 1032
539 1033
540 1034
541 1035
542 1038
543 1040
544 1041
545 1042
546 1082
547 1083
548 1084
549 1085
550 1087
551 1088
552 1089
553 1090
554 1092
555 1097
556 1098
557 1099
558 1100
559 1101
560 1102
561 1103
562 1104
563 1105
564 1106
565 1107
566 1108
567 1109
568 1110
569 1111
570 1112
571 1113
572 1115
573 1118
574 1119
575 1120
576 1121
577 1122
578 1123
579 1124
580 1125
581 1126
582 1127
583 1128
584 1129
585 1130
586 1131
587 1132
588 1133
589 1134
590 1135
591 1142
592 1143
593 1144
594 1145
595 1146
596 1147
597 1148
598 1150
599 1151
600 1152
601 1153
602 1154
603 1155
604 1156
605 1157
606 1158
607 1159
608 1161
609 1162
610 1163
611 1164
612 1165
613 1166
614 1167
615 1168
616 1169
617 1170
618 1171
619 1172
620 1173
621 1174
622 1193
623 1194
624 1195
625 1196
626 1198
627 1203
628 1204
629 1205
630 1206
631 1207
632 1209
633 1211
634 1212
635 1213
636 1214
637 1215
638 1216
639 1218
640 1220
641 1221
642 1222
643 1223
644 1225
645 1226
646 1227
647 1228
648 1229
649 1230
650 1231
651 1232
652 1233
653 1234
654 1235
655 1236
656 1237
657 1238
658 1239
659 1261
660 1262
661 1263
662 1264
663 1265
664 1266
665 1267
666 1269
667 1270
668 1271
669 1272
670 1273
671 1275
672 1276
673 1277
674 1278
675 1279
676 1280
677 1281
678 1282
679 1283
680 1284
681 1285
682 1286
683 1291
684 1292
685 1294
686 1296
687 1297
688 1298
689 1299
690 1300
691 1301
692 1302
693 1303
694 1304
695 1305
696 1306
697 1307
698 1308
699 1309
700 1310
701 1311
702 1312
703 1314
704 1317
705 1318
706 1319
707 1320
708 1321
709 1322
710 1324
711 1325
712 1326
713 1328
714 1330
715 1331
716 1332
717 1333
718 1334
719 1335
720 1337
721 1338
722 1339
723 1340
724 1343
725 1344
726 1345
727 1346
728 1347
729 1349
730 1351
731 1352
732 1353
733 1354
734 1358
735 1359
736 1360
737 1362
738 1364
739 1365
740 1367
741 1370
742 1371
743 1372
744 1373
745 1374
746 1375
747 1376
748 1377
749 1378
750 1379
751 1380
752 1381
753 1382
754 1383
755 1384
756 1385
757 1386
758 1390
759 1394
760 1395
761 1396
762 1397
763 1398
764 1399
765 1400
766 1401
767 1402
768 1403
769 1404
770 1407
771 1408
772 1414
773 1415
774 1444
775 1447
776 1448
777 1450
778 1451
779 1452
780 1456
781 1460
782 1469
783 1471
784 1474
785 1477
786 1478
787 1479
788 1480
789 1481
790 1482
791 1488
792 1489
793 1490
794 1493
795 1494
796 1495
797 1496
798 1497
799 1503
800 1505
801 1506
802 1507
803 1508
804 1509
805 1510
806 1511
807 1512
808 1513
809 1514
810 1515
811 1519
812 1520
813 1521
814 1523
815 1524
816 1527
817 1528
818 1553
819 1554
820 1555
821 1556
822 1557
823 1558
824 1559
825 1560
826 1561
827 1562
828 1563
829 1564
830 1565
831 1566
832 1567
833 1568
834 1569
835 1570
836 1571
837 1572
838 1573
839 1574
840 1575
841 1576
842 1577
843 1578
844 1579
845 1580
846 1581
847 1582
848 1583
849 1584
850 1585
851 1586
852 1587
853 1588
854 1589
855 1590
856 1591
857 1592
858 1593
859 1594
860 1595
861 1596
862 1597
863 1598
864 1599
865 1600
866 1601
867 1602
868 1603
869 1604
870 1605
871 1606
872 1611
873 1612
874 1613
875 1614
876 1615
877 1617
878 1618
879 1619
880 1621
881 1622
882 1623
883 1624
884 1625
885 1626
886 1627
887 1628
888 1632
889 1633
890 1634
891 1635
892 1675
893 1676
894 1677
895 1680
896 1681
897 1682
898 1685
899 1686
900 1692
901 1693
902 1694
903 1695
904 1696
905 1697
906 1698
907 1699
908 1703
909 1704
910 1705
911 1706
912 1707
913 1708
914 1709
915 1710
916 1711
917 1713
918 1715
919 1716
920 1717
921 1718
922 1719
923 1720
924 1721
925 1722
926 1724
927 1725
928 1726
929 1727
930 1728
931 1731
932 1732
933 1733
934 1734
935 1735
936 1736
937 1743
938 1744
939 1747
940 1752
941 1753
942 1754
943 1755
944 1756
945 1757
946 1758
947 1759
948 1761
949 1764
950 1765
951 1766
952 1767
953 1768
954 1771
955 1776
956 1777
957 1778
958 1779
959 1780
960 1781
961 1782
962 1783
963 1786
964 1787
965 1788
966 1789
967 1790
968 1791
969 1793
970 1794
971 1797
972 1808
973 1810
974 1812
975 1813
976 1815
977 1817
978 1818
979 1819
980 1820
981 1821
982 1825
983 1826
984 1827
985 1828
986 1838
987 1839
988 1840
989 1841
990 1842
991 1843
992 1846
993 1848
994 1849
995 1850
996 1851
997 1852
998 1853
999 1855
1000 1856
1001 1857
1002 1858
1003 1860
1004 1861
1005 1862
1006 1863
1007 1864
1008 1865
1009 1866
1010 1870
1011 1871
1012 1872
1013 1873
1014 1874
1015 1875
1016 1876
1017 1877
1018 1878
1019 1879
1020 1880
1021 1881
1022 1882
1023 1883
1024 1884
1025 1885
1026 1886
1027 1887
1028 1905
1029 1906
1030 1907
1031 1908
1032 1909
1033 1910
1034 1911
1035 1912
1036 1913
1037 1925
1038 1926
1039 1927
1040 1928
1041 1929
1042 1930
1043 1931
1044 1932
1045 1933
1046 1934
1047 1935
1048 1936
1049 1937
1050 1938
1051 1939
1052 1940
1053 1941
1054 1942
1055 1943
1056 1944
1057 1945
1058 1946
1059 1947
1060 1948
1061 1949
1062 1950
1063 1951
1064 1952
1065 1953
1066 1954
1067 1955
1068 1956
1069 1957
1070 1958
1071 1959
1072 1960
1073 1961
1074 1962
1075 1963
1076 1964
1077 1965
1078 1966
1079 1967
1080 1968
1081 1969
1082 1970
1083 1971
1084 1972
1085 1973
1086 1974
1087 1975
1088 1976
1089 1977
1090 1978
1091 1979
1092 1980
1093 1981
1094 1982
1095 1983
1096 1984
1097 1985
1098 1987
1099 1990
1100 1991
1101 1992
1102 1993
1103 1994
1104 1995
1105 1996
1106 1997
1107 1998
1108 1999
1109 2000
1110 2001
1111 2002
1112 2003
1113 2004
1114 2005
1115 2006
1116 2007
1117 2015
1118 2016
1119 2018
1120 2019
1121 2021
1122 2026
1123 2028
1124 2033
1125 2037
1126 2038
1127 2039
1128 2040
1129 2041
1130 2042
1131 2043
1132 2044
1133 2045
1134 2046
1135 2047
1136 2048
1137 2049
1138 2050
1139 2052
1140 2054
1141 2055
1142 2056
1143 2057
1144 2058
1145 2060
1146 2061
1147 2062
1148 2063
1149 2065
1150 2066
1151 2067
1152 2068
1153 2069
1154 2070
1155 2072
1156 2073
1157 2074
1158 2075
1159 2076
1160 2077
1161 2078
1162 2079
1163 2080
1164 2081
1165 2082
1166 2083
1167 2084
1168 2086
1169 2087
1170 2088
1171 2091
1172 2092
1173 2093
1174 2094
1175 2095
1176 2096
1177 2097
1178 2098
1179 2099
1180 2100
1181 2101
1182 2102
1183 2103
1184 2104
1185 2105
1186 2106
1187 2107
1188 2108
1189 2109
1190 2110
1191 2111
1192 2112
1193 2113
1194 2114
1195 2115
1196 2116
1197 2117
1198 2118
1199 2119
1200 2120
1201 2121
1202 2122
1203 2123
1204 2124
1205 2125
1206 2126
1207 2127
1208 2128
1209 2129
1210 2130
1211 2131
1212 2132
1213 2133
1214 2134
1215 2135
1216 2136
1217 2137
1218 2138
1219 2139
1220 2140
1221 2141
1222 2142
1223 2143
1224 2144
1225 2145
1226 2146
1227 2147
1228 2148
1229 2149
1230 2150
1231 2151
1232 2152
1233 2153
1234 2154
1235 2155
1236 2156
1237 2157
1238 2158
1239 2159
1240 2160
1241 2161
1242 2162
1243 2163
1244 2164
1245 2165
1246 2166
1247 2167
1248 2168
1249 2169
1250 2170
1251 2171
1252 2172
1253 2173
1254 2174
1255 2175
1256 2176
1257 2177
1258 2178
1259 2179
1260 2180
1261 2181
1262 2182
1263 2183
1264 2184
1265 2185
1266 2186
1267 2187
1268 2188
1269 2189
1270 2190
1271 2191
1272 2192
1273 2193
1274 2194
1275 2195
1276 2196
1277 2197
1278 2198
1279 2199
1280 2200
1281 2201
1282 2202
1283 2203
1284 2204
1285 2205
1286 2206
1287 2207
1288 2208
1289 2209
1290 2210
1291 2211
1292 2212
1293 2213
1294 2214
1295 2215
1296 2216
1297 2217
1298 2218
1299 2219
1300 2220
1301 2221
1302 2222
1303 2223
1304 2224
1305 2225
1306 2226
1307 2227
1308 2228
1309 2229
1310 2230
1311 2231
1312 2232
1313 2233
1314 2234
1315 2235
1316 2236
1317 2237
1318 2238
1319 2239
1320 2240
1321 2241
1322 2242
1323 2243
1324 2244
1325 2245
1326 2246
1327 2247
1328 2248
1329 2249
1330 2250
1331 2251
1332 2252
1333 2253
1334 2254
1335 2255
1336 2256
1337 2257
1338 2258
1339 2260
1340 2261
1341 2262
1342 2263
1343 2264
1344 2265
1345 2266
1346 2267
1347 2268
1348 2269
1349 2270
1350 2276
1351 2277
1352 2278
1353 2279
1354 2280
1355 2282
1356 2283
1357 2284
1358 2285
1359 2286
1360 2287
1361 2288
1362 2289
1363 2290
1364 2291
1365 2292
1366 2293
1367 2294
1368 2295
1369 2297
1370 2298
1371 2299
1372 2300
1373 2301
1374 2302
1375 2303
1376 2304
1377 2305
1378 2306
1379 2310
1380 2311
1381 2312
1382 2313
1383 2315
1384 2316
1385 2317
1386 2318
1387 2321
1388 2322
1389 2323
1390 2324
1391 2325
1392 2327
1393 2328
1394 2329
1395 2330
1396 2331
1397 2332
1398 2333
1399 2334
1400 2336
1401 2337
1402 2339
1403 2340
1404 2341
1405 2342
1406 2344
1407 2346
1408 2347
1409 2348
1410 2349
1411 2350
1412 2351
1413 2354
1414 2355
1415 2356
1416 2357
1417 2358
1418 2359
1419 2360
1420 2361
1421 2362
1422 2363
1423 2364
1424 2365
1425 2366
1426 2367
1427 2368
1428 2369
1429 2372
1430 2373
1431 2374
1432 2375
1433 2376
1434 2380
1435 2383
1436 2384
1437 2385
1438 2386
1439 2387
1440 2388
1441 2389
1442 2390
1443 2391
1444 2392
1445 2393
1446 2394
1447 2395
1448 2396
1449 2397
1450 2399
1451 2400
1452 2401
1453 2402
1454 2403
1455 2405
1456 2406
1457 2407
1458 2410
1459 2411
1460 2412
1461 2413
1462 2419
1463 2420
1464 2421
1465 2422
1466 2423
1467 2424
1468 2425
1469 2426
1470 2427
1471 2428
1472 2429
1473 2430
1474 2431
1475 2434
1476 2435
1477 2436
1478 2439
1479 2440
1480 2441
1481 2442
1482 2443
1483 2444
1484 2446
1485 2447
1486 2448
1487 2450
1488 2453
1489 2455
1490 2456
1491 2457
1492 2458
1493 2459
1494 2460
1495 2461
1496 2462
1497 2463
1498 2464
1499 2465
1500 2466
1501 2468
1502 2469
1503 2470
1504 2471
1505 2472
1506 2474
1507 2475
1508 2476
1509 2477
1510 2478
1511 2479
1512 2480
1513 2481
1514 2482
1515 2483
1516 2484
1517 2485
1518 2486
1519 2487
1520 2488
1521 2489
1522 2490
1523 2491
1524 2492
1525 2493
1526 2494
1527 2495
1528 2496
1529 2497
1530 2498
1531 2499
1532 2500
1533 2501
1534 2502
1535 2503
1536 2504
1537 2505
1538 2506
1539 2507
1540 2508
1541 2509
1542 2510
1543 2511
1544 2512
1545 2513
1546 2514
1547 2515
1548 2516
1549 2517
1550 2518
1551 2519
1552 2520
1553 2521
1554 2522
1555 2523
1556 2524
1557 2525
1558 2526
1559 2527
1560 2528
1561 2529
1562 2530
1563 2531
1564 2532
1565 2533
1566 2534
1567 2535
1568 2536
1569 2537
1570 2538
1571 2539
1572 2540
1573 2541
1574 2542
1575 2543
1576 2544
1577 2545
1578 2546
1579 2547
1580 2548
1581 2549
1582 2550
1583 2551
1584 2552
1585 2553
1586 2554
1587 2555
1588 2556
1589 2557
1590 2558
1591 2559
1592 2560
1593 2561
1594 2562
1595 2563
1596 2564
1597 2565
1598 2566
1599 2567
1600 2568
1601 2569
1602 2570
1603 2571
1604 2572
1605 2573
1606 2574
1607 2575
1608 2576
1609 2577
1610 2578
1611 2579
1612 2580
1613 2581
1614 2582
1615 2583
1616 2584
1617 2586
1618 2587
1619 2588
1620 2589
1621 2590
1622 2591
1623 2592
1624 2593
1625 2594
1626 2595
1627 2596
1628 2597
1629 2599
1630 2602
1631 2603
1632 2604
1633 2605
1634 2606
1635 2607
1636 2608
1637 2609
1638 2610
1639 2611
1640 2612
1641 2613
1642 2614
1643 2615
1644 2616
1645 2617
1646 2618
1647 2619
1648 2620
1649 2621
1650 2622
1651 2623
1652 2625
1653 2626
1654 2627
1655 2628
1656 2629
1657 2630
1658 2631
1659 2632
1660 2633
1661 2634
1662 2635
1663 2636
1664 2637
1665 2638
1666 2639
1667 2640
1668 2641
1669 2642
1670 2643
1671 2644
1672 2645
1673 2646
1674 2647
1675 2648
1676 2649
1677 2650
1678 2651
1679 2652
1680 2653
1681 2654
1682 2655
1683 2656
1684 2657
1685 2658
1686 2659
1687 2660
1688 2661
1689 2662
1690 2663
1691 2664
1692 2665
1693 2666
1694 2667
1695 2670
1696 2671
1697 2672
1698 2673
1699 2674
1700 2675
1701 2676
1702 2677
1703 2678
1704 2679
1705 2680
1706 2681
1707 2682
1708 2683
1709 2684
1710 2685
1711 2686
1712 2687
1713 2688
1714 2689
1715 2690
1716 2691
1717 2692
1718 2693
1719 2694
1720 2695
1721 2696
1722 2697
1723 2700
1724 2701
1725 2702
1726 2704
1727 2705
1728 2706
1729 2707
1730 2708
1731 2711
1732 2712
1733 2713
1734 2714
1735 2715
1736 2716
1737 2717
1738 2718
1739 2719
1740 2720
1741 2721
1742 2722
1743 2723
1744 2724
1745 2725
1746 2726
1747 2727
1748 2728
1749 2729
1750 2731
1751 2732
1752 2733
1753 2734
1754 2735
1755 2736
1756 2737
1757 2738
1758 2739
1759 2740
1760 2741
1761 2742
1762 2743
1763 2744
1764 2745
1765 2746
1766 2747
1767 2748
1768 2749
1769 2750
1770 2751
1771 2752
1772 2753
1773 2754
1774 2755
1775 2756
1776 2757
1777 2758
1778 2759
1779 2760
1780 2761
1781 2762
1782 2763
1783 2764
1784 2765
1785 2766
1786 2767
1787 2769
1788 2772
1789 2773
1790 2774
1791 2775
1792 2776
1793 2777
1794 2778
1795 2779
1796 2780
1797 2781
1798 2782
1799 2783
1800 2784
1801 2785
1802 2786
1803 2789
1804 2790
1805 2791
1806 2792
1807 2793
1808 2794
1809 2796
1810 2797
1811 2798
1812 2799
1813 2800
1814 2801
1815 2802
1816 2803
1817 2804
1818 2805
1819 2806
1820 2807
1821 2808
1822 2809
1823 2810
1824 2811
1825 2812
1826 2813
1827 2814
1828 2815
1829 2816
1830 2817
1831 2818
1832 2819
1833 2820
1834 2821
1835 2822
1836 2823
1837 2824
1838 2825
1839 2826
1840 2829
1841 2830
1842 2831
1843 2832
1844 2833
1845 2835
1846 2838
1847 2839
1848 2840
1849 2841
1850 2842
1851 2843
1852 2844
1853 2845
1854 2846
1855 2847
1856 2848
1857 2849
1858 2850
1859 2851
1860 2852
1861 2853
1862 2854
1863 2855
1864 2856
1865 2857
1866 2858
1867 2859
1868 2860
1869 2861
1870 2862
1871 2863
1872 2864
1873 2865
1874 2866
1875 2867
1876 2868
1877 2869
1878 2870
1879 2871
1880 2872
1881 2873
1882 2874
1883 2875
1884 2876
1885 2877
1886 2878
1887 2879
1888 2880
1889 2881
1890 2882
1891 2883
1892 2884
1893 2885
1894 2886
1895 2887
1896 2888
1897 2889
1898 2890
1899 2891
1900 2892
1901 2893
1902 2894
1903 2895
1904 2896
1905 2897
1906 2898
1907 2900
1908 2901
1909 2902
1910 2903
1911 2904
1912 2905
1913 2907
1914 2908
1915 2909
1916 2910
1917 2911
1918 2912
1919 2913
1920 2914
1921 2915
1922 2916
1923 2917
1924 2918
1925 2919
1926 2920
1927 2921
1928 2922
1929 2923
1930 2924
1931 2925
1932 2926
1933 2927
1934 2928
1935 2929
1936 2930
1937 2931
1938 2932
1939 2933
1940 2934
1941 2935
1942 2936
1943 2937
1944 2938
1945 2939
1946 2940
1947 2941
1948 2942
1949 2943
1950 2944
1951 2945
1952 2946
1953 2947
1954 2948
1955 2949
1956 2950
1957 2951
1958 2952
1959 2953
1960 2954
1961 2955
1962 2956
1963 2957
1964 2958
1965 2959
1966 2960
1967 2961
1968 2962
1969 2963
1970 2964
1971 2965
1972 2966
1973 2967
1974 2968
1975 2969
1976 2970
1977 2971
1978 2972
1979 2973
1980 2974
1981 2975
1982 2976
1983 2977
1984 2978
1985 2979
1986 2980
1987 2981
1988 2982
1989 2983
1990 2985
1991 2986
1992 2987
1993 2988
1994 2989
1995 2990
1996 2991
1997 2992
1998 2993
1999 2994
2000 2995
2001 2996
2002 2997
2003 2998
2004 2999
2005 3000
2006 3001
2007 3002
2008 3003
2009 3004
2010 3005
2011 3006
2012 3007
2013 3008
2014 3009
2015 3010
2016 3011
2017 3012
2018 3015
2019 3016
2020 3017
2021 3018
2022 3019
2023 3020
2024 3021
2025 3022
2026 3023
2027 3024
2028 3025
2029 3026
2030 3027
2031 3028
2032 3029
2033 3030
2034 3031
2035 3032
2036 3033
2037 3034
2038 3035
2039 3036
2040 3037
2041 3038
2042 3039
2043 3040
2044 3041
2045 3042
2046 3043
2047 3044
2048 3045
2049 3046
2050 3047
2051 3048
2052 3049
2053 3050
2054 3051
2055 3052
2056 3053
2057 3054
2058 3055
2059 3056
2060 3057
2061 3058
2062 3059
2063 3060
2064 3061
2065 3062
2066 3063
2067 3064
2068 3065
2069 3066
2070 3067
2071 3068
2072 3069
2073 3070
2074 3071
2075 3072
2076 3073
2077 3074
2078 3075
2079 3076
2080 3077
2081 3078
2082 3079
2083 3080
2084 3081
2085 3082
2086 3083
2087 3084
2088 3085
2089 3086
2090 3087
2091 3088
2092 3089
2093 3090
2094 3091
2095 3092
2096 3093
2097 3094
2098 3095
2099 3096
2100 3097
2101 3098
2102 3099
2103 3100
2104 3101
2105 3102
2106 3103
2107 3104
2108 3105
2109 3106
2110 3107
2111 3108
2112 3109
2113 3110
2114 3111
2115 3112
2116 3113
2117 3114
2118 3115
2119 3116
2120 3117
2121 3118
2122 3119
2123 3120
2124 3121
2125 3122
2126 3123
2127 3124
2128 3125
2129 3126
2130 3127
2131 3128
2132 3129
2133 3130
2134 3131
2135 3136
2136 3137
2137 3138
2138 3139
2139 3140
2140 3141
2141 3142
2142 3143
2143 3144
2144 3145
2145 3146
2146 3147
2147 3148
2148 3149
2149 3150
2150 3151
2151 3152
2152 3153
2153 3154
2154 3155
2155 3156
2156 3157
2157 3158
2158 3159
2159 3160
2160 3161
2161 3162
2162 3163
2163 3164
2164 3165
2165 3166
2166 3167
2167 3168
2168 3169
2169 3170
2170 3171
2171 3172
2172 3173
2173 3174
2174 3175
2175 3176
2176 3177
2177 3178
2178 3179
2179 3180
2180 3181
2181 3182
2182 3183
2183 3184
2184 3185
2185 3186
2186 3187
2187 3188
2188 3189
2189 3190
2190 3191
2191 3192
2192 3193
2193 3194
2194 3195
2195 3196
2196 3197
2197 3198
2198 3199
2199 3200
2200 3201
2201 3204
2202 3205
2203 3211
2204 3212
2205 3213
2206 3214
2207 3215
2208 3216
2209 3217
2210 3218
2211 3219
2212 3220
2213 3221
2214 3222
2215 3223
2216 3224
2217 3225
2218 3226
2219 3227
2220 3228
2221 3229
2222 3230
2223 3231
2224 3232
2225 3233
2226 3234
2227 3235
2228 3236
2229 3237
2230 3238
2231 3239
2232 3240
2233 3241
2234 3242
2235 3243
2236 3244
2237 3245
2238 3246
2239 3247
2240 3248
2241 3250
2242 3251
2243 3252
2244 3253
2245 3254
2246 3255
2247 3256
2248 3257
2249 3258
2250 3259
2251 3260
2252 3261
2253 3262
2254 3263
2255 3264
2256 3265
2257 3266
2258 3267
2259 3268
2260 3269
2261 3270
2262 3271
2263 3272
2264 3273
2265 3274
2266 3275
2267 3276
2268 3278
2269 3279
2270 3280
2271 3281
2272 3282
2273 3283
2274 3284
2275 3285
2276 3286
2277 3287
2278 3288
2279 3289
2280 3290
2281 3291
2282 3292
2283 3296
2284 3297
2285 3298
2286 3299
2287 3300
2288 3301
2289 3302
2290 3303
2291 3304
2292 3305
2293 3306
2294 3307
2295 3308
2296 3309
2297 3310
2298 3311
2299 3312
2300 3313
2301 3314
2302 3315
2303 3316
2304 3320
2305 3321
2306 3324
2307 3325
2308 3326
2309 3327
2310 3328
2311 3329
2312 3330
2313 3331
2314 3332
2315 3333
2316 3340
2317 3341
2318 3342
2319 3343
2320 3344
2321 3345
2322 3346
2323 3347
2324 3348
2325 3349
2326 3350
2327 3351
2328 3352
2329 3353
2330 3354
2331 3355
2332 3356
2333 3357
2334 3358
2335 3359
2336 3360
2337 3361
2338 3363
2339 3365
2340 3370
2341 3371
2342 3373
2343 3374
2344 3375
2345 3376
2346 3377
2347 3378
2348 3379
2349 3380
2350 3381
2351 3382
2352 3383
2353 3384
2354 3385
2355 3387
2356 3388
2357 3389
2358 3390
2359 3391
2360 3392
2361 3393
2362 3394
2363 3395
2364 3396
2365 3397
2366 3398
2367 3399
2368 3400
2369 3401
2370 3402
2371 3403
2372 3405
2373 3406
2374 3407
2375 3408
2376 3409
2377 3410
2378 3411
2379 3413
2380 3414
2381 3415
2382 3416
2383 3417
2384 3418
2385 3419
2386 3420
2387 3421
2388 3422
2389 3423
2390 3424
2391 3425
2392 3426
2393 3427
2394 3428
2395 3429
2396 3430
2397 3432
2398 3433
2399 3434
2400 3435
2401 3436
2402 3437
2403 3438
2404 3440
2405 3441
2406 3442
2407 3443
2408 3444
2409 3445
2410 3446
2411 3447
2412 3448
2413 3449
2414 3450
2415 3451
2416 3452
2417 3453
2418 3454
2419 3455
2420 3456
2421 3457
2422 3458
2423 3459
2424 3460
2425 3461
2426 3462
2427 3463
2428 3464
2429 3465
2430 3466
2431 3468
2432 3469
2433 3470
2434 3471
2435 3472
2436 3473
2437 3474
2438 3475
2439 3476
2440 3477
2441 3478
2442 3479
2443 3480
2444 3481
2445 3482
2446 3483
2447 3484
2448 3485
2449 3486
2450 3488
2451 3489
2452 3490
2453 3491
2454 3492
2455 3493
2456 3496
2457 3498
2458 3499
2459 3500
2460 3501
2461 3502
2462 3503
2463 3504
2464 3505
2465 3506
2466 3507
2467 3508
2468 3509
2469 3510
2470 3511
2471 3512
2472 3513
2473 3514
2474 3515
2475 3516
2476 3517
2477 3518
2478 3519
2479 3520
2480 3521
2481 3522
2482 3523
2483 3524
2484 3525
2485 3526
2486 3527
2487 3528
2488 3529
2489 3530
2490 3531
2491 3532
2492 3533
2493 3534
2494 3535
2495 3536
2496 3537
2497 3538
2498 3539
2499 3540
2500 3541
2501 3542
2502 3543
2503 3544
2504 3545
2505 3546
2506 3547
2507 3548
2508 3549
2509 3550
2510 3551
2511 3552
2512 3553
2513 3554
2514 3555
2515 3556
2516 3557
2517 3558
2518 3562
2519 3565
2520 3566
2521 3567
2522 3568
2523 3569
2524 3570
2525 3571
2526 3574
2527 3575
2528 3576
2529 3577
2530 3578
2531 3579
2532 3580
2533 3581
2534 3582
2535 3583
2536 3585
2537 3586
2538 3587
2539 3588
2540 3589
2541 3590
2542 3591
2543 3592
2544 3593
2545 3594
2546 3595
2547 3596
2548 3597
2549 3598
2550 3599
2551 3600
2552 3601
2553 3602
2554 3603
2555 3604
2556 3605
2557 3606
2558 3607
2559 3609
2560 3610
2561 3611
2562 3612
2563 3613
2564 3614
2565 3615
2566 3616
2567 3617
2568 3618
2569 3619
2570 3620
2571 3621
2572 3622
2573 3623
2574 3624
2575 3625
2576 3626
2577 3627
2578 3628
2579 3630
2580 3631
2581 3632
2582 3633
2583 3634
2584 3635
2585 3636
2586 3637
2587 3638
2588 3639
2589 3640
2590 3641
2591 3642
2592 3643
2593 3644
2594 3645
2595 3646
2596 3647
2597 3648
2598 3649
2599 3650
2600 3651
2601 3652
2602 3654
2603 3655
2604 3656
2605 3657
2606 3658
2607 3659
2608 3660
2609 3661
2610 3662
2611 3663
2612 3664
2613 3665
2614 3666
2615 3667
2616 3670
2617 3671
2618 3672
2619 3673
2620 3675
2621 3676
2622 3677
2623 3678
2624 3680
2625 3681
2626 3682
2627 3683
2628 3684
2629 3685
2630 3686
2631 3687
2632 3688
2633 3689
2634 3690
2635 3691
2636 3692
2637 3693
2638 3694
2639 3695
2640 3696
2641 3697
2642 3698
2643 3699
2644 3700
2645 3701
2646 3702
2647 3703
2648 3704
2649 3705
2650 3706
2651 3707
2652 3708
2653 3709
2654 3710
2655 3711
2656 3712
2657 3713
2658 3714
2659 3715
2660 3716
2661 3717
2662 3718
2663 3719
2664 3720
2665 3721
2666 3722
2667 3723
2668 3724
2669 3725
2670 3726
2671 3727
2672 3728
2673 3729
2674 3730
2675 3731
2676 3732
2677 3733
2678 3734
2679 3735
2680 3736
2681 3737
2682 3738
2683 3739
2684 3744
2685 3745
2686 3746
2687 3747
2688 3748
2689 3749
2690 3750
2691 3751
2692 3752
2693 3753
2694 3754
2695 3755
2696 3756
2697 3757
2698 3758
2699 3759
2700 3760
2701 3761
2702 3762
2703 3763
2704 3764
2705 3765
2706 3766
2707 3767
2708 3768
2709 3769
2710 3770
2711 3771
2712 3772
2713 3773
2714 3774
2715 3775
2716 3776
2717 3777
2718 3778
2719 3779
2720 3780
2721 3781
2722 3782
2723 3783
2724 3784
2725 3785
2726 3786
2727 3787
2728 3788
2729 3789
2730 3790
2731 3791
2732 3792
2733 3793
2734 3794
2735 3795
2736 3796
2737 3797
2738 3798
2739 3799
2740 3800
2741 3801
2742 3802
2743 3803
2744 3804
2745 3805
2746 3806
2747 3807
2748 3808
2749 3809
2750 3810
2751 3811
2752 3812
2753 3813
2754 3814
2755 3815
2756 3816
2757 3817
2758 3818
2759 3819
2760 3820
2761 3821
2762 3822
2763 3823
2764 3824
2765 3826
2766 3828
2767 3829
2768 3830
2769 3831
2770 3832
2771 3836
2772 3837
2773 3838
2774 3839
2775 3840
2776 3841
2777 3842
2778 3843
2779 3844
2780 3845
2781 3846
2782 3847
2783 3848
2784 3849
2785 3850
2786 3851
2787 3853
2788 3856
2789 3857
2790 3858
2791 3860
2792 3861
2793 3862
2794 3863
2795 3864
2796 3865
2797 3866
2798 3867
2799 3868
2800 3869
2801 3870
2802 3871
2803 3872
2804 3873
2805 3874
2806 3875
2807 3876
2808 3877
2809 3883
2810 3884
2811 3885
2812 3886
2813 3887
2814 3888
2815 3894
2816 3895
2817 3896
2818 3897
2819 3898
2820 3899
2821 3902
2822 3903
2823 3904
2824 3905
2825 3906
2826 3907
2827 3908
2828 3909
2829 3910
2830 3911
2831 3912
2832 3913
2833 3914
2834 3915
2835 3916
2836 3917
2837 3918
2838 3919
2839 3920
2840 3921
2841 3922
2842 3923
2843 3924
2844 3925
2845 3926
2846 3927
2847 3928
2848 3929
2849 3930
2850 3931
2851 3932
2852 3933
2853 3934
2854 3935
2855 3936
2856 3937
2857 3938
2858 3939
2859 3941
2860 3942
2861 3943
2862 3944
2863 3945
2864 3946
2865 3947
2866 3948
2867 3949
2868 3950
2869 3951
2870 3952
2871 3954
2872 3955
2873 3956
2874 3957
2875 3958
2876 3959
2877 3960
2878 3961
2879 3962
2880 3963
2881 3964
2882 3965
2883 3966
2884 3967
2885 3968
2886 3970
2887 3972
2888 3973
2889 3974
2890 3975
2891 3976
2892 3978
2893 3979
2894 3980
2895 3982
2896 3983
2897 3984
2898 3985
2899 3986
2900 3987
2901 3988
2902 3989
2903 3990
2904 3991
2905 3992
2906 3993
2907 3994
2908 3995
2909 3996
2910 3997
2911 3998
2912 3999
2913 4000
2914 4001
2915 4002
2916 4003
2917 4010
2918 4011
2919 4012
2920 4013
2921 4014
2922 4016
2923 4019
2924 4020
2925 4023
2926 4025
2927 4026
2928 4027
2929 4028
2930 4029
2931 4030
2932 4032
2933 4034
2934 4035
2935 4036
2936 4037
2937 4038
2938 4039
2939 4040
2940 4042
2941 4043
2942 4045
2943 4046
2944 4047
2945 4048
2946 4049
2947 4050
2948 4051
2949 4052
2950 4053
2951 4054
2952 4055
2953 4056
2954 4057
2955 4058
2956 4059
2957 4060
2958 4061
2959 4062
2960 4063
2961 4065
2962 4066
2963 4067
2964 4068
2965 4069
2966 4070
2967 4074
2968 4076
2969 4077
2970 4078
2971 4079
2972 4080
2973 4081
2974 4082
2975 4085
2976 4086
2977 4088
2978 4090
2979 4091
2980 4093
2981 4094
2982 4098
2983 4102
2984 4103
2985 4104
2986 4105
2987 4106
2988 4107
2989 4108
2990 4109
2991 4110
2992 4111
2993 4112
2994 4113
2995 4114
2996 4115
2997 4116
2998 4117
2999 4119
3000 4121
3001 4122
3002 4123
3003 4125
3004 4131
3005 4132
3006 4133
3007 4134
3008 4135
3009 4136
3010 4137
3011 4138
3012 4140
3013 4141
3014 4142
3015 4143
3016 4144
3017 4145
3018 4146
3019 4147
3020 4148
3021 4149
3022 4150
3023 4151
3024 4152
3025 4153
3026 4154
3027 4155
3028 4156
3029 4157
3030 4158
3031 4159
3032 4160
3033 4161
3034 4163
3035 4164
3036 4165
3037 4166
3038 4167
3039 4168
3040 4169
3041 4170
3042 4171
3043 4172
3044 4173
3045 4174
3046 4175
3047 4176
3048 4178
3049 4179
3050 4180
3051 4181
3052 4182
3053 4183
3054 4185
3055 4193
3056 4194
3057 4196
3058 4197
3059 4198
3060 4199
3061 4200
3062 4201
3063 4202
3064 4203
3065 4204
3066 4205
3067 4206
3068 4207
3069 4208
3070 4209
3071 4210
3072 4211
3073 4212
3074 4213
3075 4214
3076 4215
3077 4216
3078 4217
3079 4218
3080 4219
3081 4220
3082 4221
3083 4222
3084 4223
3085 4225
3086 4226
3087 4227
3088 4228
3089 4229
3090 4230
3091 4231
3092 4232
3093 4233
3094 4234
3095 4236
3096 4237
3097 4242
3098 4244
3099 4245
3100 4246
3101 4247
3102 4248
3103 4249
3104 4250
3105 4251
3106 4252
3107 4253
3108 4254
3109 4255
3110 4256
3111 4257
3112 4258
3113 4259
3114 4260
3115 4261
3116 4262
3117 4268
3118 4269
3119 4270
3120 4271
3121 4272
3122 4273
3123 4274
3124 4277
3125 4278
3126 4279
3127 4280
3128 4281
3129 4283
3130 4284
3131 4285
3132 4286
3133 4287
3134 4288
3135 4289
3136 4290
3137 4291
3138 4292
3139 4293
3140 4294
3141 4295
3142 4296
3143 4298
3144 4303
3145 4304
3146 4305
3147 4306
3148 4307
3149 4309
3150 4310
3151 4311
3152 4312
3153 4313
3154 4314
3155 4315
3156 4316
3157 4317
3158 4318
3159 4319
3160 4320
3161 4321
3162 4322
3163 4323
3164 4326
3165 4327
3166 4328
3167 4329
3168 4339
3169 4340
3170 4344
3171 4345
3172 4346
3173 4349
3174 4350
3175 4351
3176 4352
3177 4353
3178 4354
3179 4355
3180 4356
3181 4357
3182 4358
3183 4359
3184 4360
3185 4361
3186 4362
3187 4363
3188 4364
3189 4365
3190 4366
3191 4367
3192 4368
3193 4369
3194 4370
3195 4371
3196 4372
3197 4373
3198 4374
3199 4375
3200 4376
3201 4377
3202 4378
3203 4379
3204 4380
3205 4381
3206 4382
3207 4386
3208 4387
3209 4388
3210 4389
3211 4390
3212 4391
3213 4393
3214 4394
3215 4395
3216 4396
3217 4397
3218 4398
3219 4399
3220 4400
3221 4401
3222 4402
3223 4403
3224 4405
3225 4407
3226 4408
3227 4409
3228 4410
3229 4411
3230 4412
3231 4413
3232 4414
3233 4415
3234 4416
3235 4417
3236 4418
3237 4419
3238 4420
3239 4421
3240 4422
3241 4423
3242 4425
3243 4428
3244 4431
3245 4432
3246 4434
3247 4435
3248 4436
3249 4437
3250 4438
3251 4440
3252 4441
3253 4442
3254 4443
3255 4444
3256 4445
3257 4446
3258 4447
3259 4448
3260 4451
3261 4452
3262 4453
3263 4454
3264 4455
3265 4459
3266 4460
3267 4461
3268 4462
3269 4463
3270 4464
3271 4465
3272 4466
3273 4468
3274 4469
3275 4470
3276 4471
3277 4473
3278 4474
3279 4475
3280 4477
3281 4478
3282 4479
3283 4480
3284 4481
3285 4483
3286 4484
3287 4485
3288 4486
3289 4487
3290 4488
3291 4489
3292 4490
3293 4491
3294 4492
3295 4493
3296 4494
3297 4496
3298 4497
3299 4499
3300 4501
3301 4502
3302 4505
3303 4506
3304 4507
3305 4508
3306 4512
3307 4516
3308 4517
3309 4521
3310 4522
3311 4523
3312 4524
3313 4525
3314 4526
3315 4527
3316 4529
3317 4531
3318 4532
3319 4534
3320 4535
3321 4537
3322 4538
3323 4539
3324 4550
3325 4551
3326 4552
3327 4553
3328 4554
3329 4555
3330 4563
3331 4564
3332 4565
3333 4566
3334 4567
3335 4569
3336 4577
3337 4582
3338 4584
3339 4585
3340 4588
3341 4589
3342 4590
3343 4591
3344 4592
3345 4593
3346 4594
3347 4595
3348 4596
3349 4597
3350 4599
3351 4600
3352 4601
3353 4602
3354 4603
3355 4604
3356 4605
3357 4606
3358 4607
3359 4608
3360 4609
3361 4610
3362 4611
3363 4612
3364 4613
3365 4614
3366 4615
3367 4616
3368 4617
3369 4618
3370 4619
3371 4620
3372 4621
3373 4622
3374 4623
3375 4624
3376 4625
3377 4626
3378 4627
3379 4628
3380 4629
3381 4630
3382 4631
3383 4632
3384 4633
3385 4634
3386 4635
3387 4636
3388 4637
3389 4638
3390 4639
3391 4640
3392 4641
3393 4642
3394 4643
3395 4644
3396 4645
3397 4646
3398 4647
3399 4648
3400 4649
3401 4650
3402 4651
3403 4652
3404 4653
3405 4654
3406 4655
3407 4656
3408 4657
3409 4658
3410 4661
3411 4662
3412 4663
3413 4664
3414 4666
3415 4667
3416 4668
3417 4669
3418 4671
3419 4672
3420 4673
3421 4674
3422 4675
3423 4676
3424 4677
3425 4678
3426 4679
3427 4680
3428 4681
3429 4682
3430 4683
3431 4684
3432 4685
3433 4686
3434 4687
3435 4688
3436 4689
3437 4690
3438 4691
3439 4692
3440 4693
3441 4694
3442 4695
3443 4696
3444 4697
3445 4698
3446 4699
3447 4700
3448 4701
3449 4702
3450 4703
3451 4704
3452 4705
3453 4706
3454 4707
3455 4708
3456 4709
3457 4710
3458 4711
3459 4712
3460 4713
3461 4714
3462 4715
3463 4716
3464 4717
3465 4718
3466 4719
3467 4720
3468 4721
3469 4722
3470 4723
3471 4724
3472 4725
3473 4726
3474 4727
3475 4728
3476 4729
3477 4730
3478 4731
3479 4732
3480 4733
3481 4734
3482 4735
3483 4737
3484 4738
3485 4739
3486 4740
3487 4741
3488 4742
3489 4743
3490 4744
3491 4745
3492 4748
3493 4749
3494 4750
3495 4751
3496 4752
3497 4753
3498 4754
3499 4755
3500 4757
3501 4758
3502 4761
3503 4762
3504 4763
3505 4764
3506 4765
3507 4774
3508 4775
3509 4776
3510 4778
3511 4779
3512 4780
3513 4781
3514 4782
3515 4783
3516 4784
3517 4790
3518 4791
3519 4792
3520 4793
3521 4794
3522 4798
3523 4800
3524 4803
3525 4807
3526 4808
3527 4809
3528 4811
3529 4814
3530 4815
3531 4816
3532 4817
3533 4819
3534 4820
3535 4821
3536 4822
3537 4823
3538 4824
3539 4825
3540 4827
3541 4828
3542 4829
3543 4830
3544 4832
3545 4833
3546 4843
3547 4847
3548 4848
3549 4850
3550 4854
3551 4856
3552 4858
3553 4860
3554 4861
3555 4862
3556 4863
3557 4864
3558 4865
3559 4866
3560 4868
3561 4869
3562 4870
3563 4871
3564 4872
3565 4873
3566 4875
3567 4877
3568 4878
3569 4879
3570 4881
3571 4882
3572 4883
3573 4885
3574 4886
3575 4887
3576 4888
3577 4890
3578 4891
3579 4893
3580 4895
3581 4897
3582 4898
3583 4899
3584 4900
3585 4901
3586 4902
3587 4903
3588 4904
3589 4905
3590 4906
3591 4907
3592 4908
3593 4909
3594 4910
3595 4911
3596 4912
3597 4913
3598 4914
3599 4915
3600 4916
3601 4917
3602 4918
3603 4919
3604 4920
3605 4922
3606 4924
3607 4925
3608 4926
3609 4927
3610 4928
3611 4929
3612 4930
3613 4931
3614 4932
3615 4933
3616 4934
3617 4939
3618 4940
3619 4941
3620 4942
3621 4943
3622 4944
3623 4945
3624 4946
3625 4947
3626 4948
3627 4949
3628 4950
3629 4951
3630 4952
3631 4953
3632 4954
3633 4955
3634 4956
3635 4957
3636 4958
3637 4959
3638 4960
3639 4961
3640 4962
3641 4963
3642 4964
3643 4965
3644 4966
3645 4967
3646 4968
3647 4969
3648 4970
3649 4971
3650 4972
3651 4973
3652 4975
3653 4976
3654 4977
3655 4978
3656 4979
3657 4980
3658 4981
3659 4982
3660 4983
3661 4984
3662 4985
3663 4992
3664 4995
3665 4997
3666 5002
3667 5003
3668 5004
3669 5005
3670 5007
3671 5008
3672 5009
3673 5010
3674 5011
3675 5013
3676 5016
3677 5017
3678 5018
3679 5020
3680 5022
3681 5023
3682 5024
3683 5025
3684 5027
3685 5028
3686 5029
3687 5030
3688 5031
3689 5032
3690 5033
3691 5034
3692 5035
3693 5036
3694 5037
3695 5038
3696 5039
3697 5040
3698 5041
3699 5042
3700 5043
3701 5044
3702 5046
3703 5047
3704 5048
3705 5049
3706 5050
3707 5051
3708 5052
3709 5053
3710 5054
3711 5055
3712 5056
3713 5057
3714 5058
3715 5059
3716 5060
3717 5061
3718 5062
3719 5063
3720 5064
3721 5065
3722 5066
3723 5067
3724 5068
3725 5069
3726 5070
3727 5072
3728 5073
3729 5074
3730 5075
3731 5076
3732 5077
3733 5080
3734 5081
3735 5082
3736 5084
3737 5085
3738 5086
3739 5087
3740 5088
3741 5089
3742 5090
3743 5092
3744 5093
3745 5094
3746 5095
3747 5096
3748 5097
3749 5098
3750 5099
3751 5100
3752 5101
3753 5107
3754 5108
3755 5109
3756 5110
3757 5114
3758 5115
3759 5116
3760 5117
3761 5118
3762 5119
3763 5120
3764 5121
3765 5123
3766 5124
3767 5125
3768 5126
3769 5130
3770 5131
3771 5132
3772 5135
3773 5137
3774 5138
3775 5139
3776 5141
3777 5142
3778 5144
3779 5145
3780 5146
3781 5147
3782 5148
3783 5149
3784 5150
3785 5151
3786 5152
3787 5153
3788 5155
3789 5156
3790 5157
3791 5158
3792 5159
3793 5160
3794 5161
3795 5162
3796 5164
3797 5166
3798 5169
3799 5170
3800 5172
3801 5173
3802 5176
3803 5177
3804 5178
3805 5179
3806 5180
3807 5181
3808 5182
3809 5183
3810 5187
3811 5188
3812 5189
3813 5190
3814 5192
3815 5193
3816 5196
3817 5198
3818 5199
3819 5200
3820 5202
3821 5203
3822 5204
3823 5205
3824 5207
3825 5209
3826 5210
3827 5215
3828 5216
3829 5219
3830 5221
3831 5222
3832 5223
3833 5225
3834 5226
3835 5227
3836 5228
3837 5229
3838 5230
3839 5231
3840 5232
3841 5233
3842 5234
3843 5235
3844 5236
3845 5237
3846 5239
3847 5241
3848 5243
3849 5244
3850 5245
3851 5246
3852 5248
3853 5249
3854 5251
3855 5252
3856 5253
3857 5255
3858 5256
3859 5260
3860 5261
3861 5262
3862 5263
3863 5264
3864 5265
3865 5268
3866 5269
3867 5270
3868 5271
3869 5272
3870 5273
3871 5274
3872 5275
3873 5277
3874 5278
3875 5279
3876 5280
3877 5282
3878 5283
3879 5284
3880 5285
3881 5286
3882 5287
3883 5288
3884 5289
3885 5291
3886 5292
3887 5293
3888 5294
3889 5295
3890 5297
3891 5298
3892 5299
3893 5300
3894 5301
3895 5302
3896 5303
3897 5304
3898 5305
3899 5306
3900 5307
3901 5309
3902 5311
3903 5312
3904 5313
3905 5314
3906 5315
3907 5316
3908 5317
3909 5318
3910 5319
3911 5320
3912 5321
3913 5322
3914 5323
3915 5324
3916 5325
3917 5326
3918 5327
3919 5328
3920 5329
3921 5331
3922 5332
3923 5333
3924 5334
3925 5336
3926 5337
3927 5338
3928 5339
3929 5340
3930 5342
3931 5343
3932 5344
3933 5345
3934 5346
3935 5347
3936 5348
3937 5349
3938 5350
3939 5351
3940 5352
3941 5354
3942 5356
3943 5357
3944 5358
3945 5359
3946 5361
3947 5364
3948 5366
3949 5367
3950 5368
3951 5369
3952 5370
3953 5371
3954 5372
3955 5373
3956 5374
3957 5375
3958 5381
3959 5382
3960 5383
3961 5384
3962 5385
3963 5386
3964 5387
3965 5389
3966 5392
3967 5396
3968 5397
3969 5398
3970 5402
3971 5403
3972 5404
3973 5405
3974 5407
3975 5408
3976 5410
3977 5411
3978 5416
3979 5417
3980 5418
3981 5419
3982 5420
3983 5422
3984 5423
3985 5424
3986 5425
3987 5426
3988 5428
3989 5430
3990 5431
3991 5433
3992 5434
3993 5436
3994 5437
3995 5438
