1 3633
2 3635
3 3637
4 3639
5 3647
6 3657
7 3668
8 3671
9 3674
10 3676
11 3678
12 3681
13 3683
14 3686
15 3688
16 3690
17 3692
18 3700
19 3710
20 3720
21 3722
22 3725
23 3727
24 3729
25 3732
26 3734
27 3759
28 3761
29 3763
30 3765
31 3767
32 3770
33 3796
34 3798
35 3800
36 3802
37 3804
38 3807
39 3813
40 3815
41 3816
42 3818
43 3819
44 3820
45 3821
46 3822
47 3823
48 3824
49 3828
50 3830
51 3832
52 3835
53 3837
54 3839
55 3841
56 3842
57 3845
58 3848
59 3849
60 3850
61 3851
62 3852
63 3853
64 3854
65 3855
66 3856
67 3857
68 3858
69 3859
70 3860
71 3863
72 3865
73 3867
74 3869
75 3870
76 3871
77 3872
78 3873
79 3874
80 3875
81 3876
82 3878
83 3879
84 3880
85 3881
86 3882
87 3883
88 3884
89 3885
90 3886
91 3887
92 3888
93 3889
94 3890
95 3891
96 3892
97 3893
98 3894
99 3895
100 3897
101 3898
102 3899
103 3900
104 3901
105 3902
106 3903
107 3904
108 3905
109 3906
110 3907
111 3908
112 3909
113 3911
114 3912
115 3913
116 3915
117 3916
118 3917
119 3918
120 3919
121 3921
122 3922
123 3923
124 3924
125 3925
126 3926
127 3927
128 3928
129 3929
130 3930
131 3931
132 3932
133 3934
134 3935
135 3936
136 3937
137 3938
138 3939
139 3940
140 3941
141 3942
142 3943
143 3944
144 3945
145 3946
146 3947
147 3948
148 3950
149 3951
150 3952
151 3953
152 3956
153 3957
154 3959
155 3960
156 3961
157 3962
158 3963
159 3964
160 3966
161 3967
162 3968
163 3969
164 3970
165 3971
166 3972
167 3973
168 3975
169 3978
170 3980
171 3981
172 3982
173 3983
174 3984
175 3985
176 3986
177 3987
178 3990
179 3992
180 3995
181 3997
182 3999
183 4001
184 4002
185 4004
186 4007
187 4008
188 4009
189 4010
190 4012
191 4014
192 4016
193 4017
194 4019
195 4020
196 4021
197 4025
198 4026
199 4034
200 4035
201 4037
202 4038
203 4040
204 4042
205 4043
206 4044
207 4046
208 4047
209 4048
210 4049
211 4051
212 4052
213 4053
214 4054
215 4055
216 4058
217 4059
218 4060
219 4063
220 4064
221 4065
222 4066
223 4073
224 4075
225 4077
226 4079
227 4080
228 4082
229 4084
230 4087
231 4088
232 4089
233 4091
234 4092
235 4093
236 4094
237 4095
238 4096
239 4097
240 4100
241 4101
242 4102
243 4103
244 4105
245 4106
246 4107
247 4108
248 4109
249 4110
250 4112
251 4116
252 4118
253 4121
254 4122
255 4124
256 4126
257 4128
258 4129
259 4130
260 4131
261 4132
262 4133
263 4134
264 4135
265 4136
266 4137
267 4138
268 4139
269 4141
270 4142
271 4143
272 4144
273 4145
274 4146
275 4147
276 4148
277 4149
278 4150
279 4151
280 4152
281 4153
282 4154
283 4155
284 4156
285 4158
286 4159
287 4160
288 4161
289 4162
290 4164
291 4166
292 4168
293 4170
294 4171
295 4172
296 4173
297 4174
298 4175
299 4176
300 4177
301 4178
302 4180
303 4181
304 4183
305 4184
306 4185
307 4186
308 4187
309 4188
310 4189
311 4190
312 4192
313 4194
314 4196
315 4197
316 4198
317 4199
318 4200
319 4201
320 4202
321 4203
322 4204
323 4205
324 4206
325 4207
326 4208
327 4209
328 4211
329 4213
330 4216
331 4217
332 4218
333 4219
334 4220
335 4221
336 4222
337 4225
338 4226
339 4228
340 4229
341 4230
342 4231
343 4232
344 4233
345 4234
346 4236
347 4240
348 4241
349 4242
350 4243
351 4244
352 4245
353 4246
354 4248
355 4249
356 4251
357 4253
358 4254
359 4255
360 4256
361 4257
362 4258
363 4259
364 4260
365 4261
366 4262
367 4264
368 4266
369 4267
370 4270
371 4271
372 4272
373 4273
374 4274
375 4275
376 4276
377 4277
378 4278
379 4279
380 4280
381 4281
382 4283
383 4284
384 4285
385 4286
386 4287
387 4288
388 4289
389 4290
390 4291
391 4293
392 4294
393 4300
394 4302
395 4303
396 4304
397 4305
398 4306
399 4307
400 4308
401 4309
402 4311
403 4313
404 4314
405 4315
406 4316
407 4318
408 4319
409 4320
410 4321
411 4322
412 4323
413 4324
414 4325
415 4326
416 4327
417 4328
418 4329
419 4330
420 4331
421 4332
422 4333
423 4334
424 4335
425 4337
426 4338
427 4339
428 4340
429 4341
430 4342
431 4345
432 4346
433 4349
434 4351
435 4352
436 4354
437 4355
438 4356
439 4357
440 4358
441 4359
442 4360
443 4362
444 4363
445 4365
446 4366
447 4368
448 4369
449 4371
450 4372
451 4373
452 4374
453 4375
454 4376
455 4377
456 4378
457 4379
458 4381
459 4382
460 4383
461 4384
462 4385
463 4386
464 4387
465 4388
466 4389
467 4390
468 4391
469 4392
470 4393
471 4394
472 4397
473 4401
474 4403
475 4409
476 4412
477 4414
478 4416
479 4418
480 4420
481 4421
482 4423
483 4424
484 4425
485 4426
486 4427
487 4428
488 4430
489 4431
490 4432
491 4433
492 4434
493 4435
494 4440
495 4447
496 4452
497 4455
498 4465
499 4467
500 4470
501 4471
502 4472
503 4473
504 4478
505 4479
506 4484
507 4487
508 4489
509 4492
510 4493
511 4495
512 4496
513 4500
514 4507
515 4508
516 4509
517 4510
518 4513
519 4517
520 4522
521 4527
522 4528
523 4529
524 4530
525 4532
526 4535
527 4536
528 4537
529 4541
530 4542
531 4545
532 4548
533 4551
534 4558
535 4560
536 4563
537 4567
538 4569
539 4570
540 4571
541 4572
542 4573
543 4575
544 4576
545 4577
546 4579
547 4583
548 4585
549 4586
550 4587
551 4589
552 4593
553 4595
554 4596
555 4599
556 4601
557 4602
558 4604
559 4605
560 4606
561 4607
562 4608
563 4611
564 4612
565 4614
566 4615
567 4616
568 4618
569 4619
570 4620
571 4621
572 4622
573 4623
574 4624
575 4626
576 4629
577 4631
578 4632
579 4634
580 4635
581 4636
582 4637
583 4638
584 4639
585 4640
586 4641
587 4642
588 4644
589 4645
590 4646
591 4647
592 4648
593 4649
594 4651
595 4656
596 4657
597 4659
598 4660
599 4661
600 4662
601 4663
602 4664
603 4665
604 4667
605 4670
606 4672
607 4674
608 4675
609 4676
610 4677
611 4678
612 4679
613 4681
614 4682
615 4683
616 4684
617 4686
618 4687
619 4688
620 4689
621 4690
622 4691
623 4692
624 4693
625 4695
626 4700
627 4702
628 4703
629 4704
630 4705
631 4706
632 4707
633 4709
634 4711
635 4713
636 4714
637 4715
638 4716
639 4717
640 4719
641 4720
642 4723
643 4724
644 4725
645 4726
646 4727
647 4728
648 4729
649 4730
650 4731
651 4732
652 4733
653 4734
654 4736
655 4741
656 4743
657 4744
658 4746
659 4747
660 4748
661 4749
662 4750
663 4751
664 4752
665 4753
666 4754
667 4755
668 4756
669 4757
670 4759
671 4760
672 4761
673 4762
674 4763
675 4764
676 4765
677 4766
678 4767
679 4768
680 4769
681 4770
682 4771
683 4772
684 4773
685 4774
686 4775
687 4776
688 4781
689 4786
690 4787
691 4789
692 4791
693 4793
694 4795
695 4796
696 4798
697 4800
698 4802
699 4804
700 4806
701 4808
702 4810
703 4812
704 4818
705 4859
706 4863
707 4865
708 4869
709 4872
710 4874
711 4876
712 4878
713 4880
714 4882
715 4884
716 4886
717 4887
718 4889
719 4891
720 4893
721 4895
722 4897
723 4899
724 4901
725 4903
726 4905
727 4906
728 4908
729 4910
730 4911
731 4912
732 4914
733 4915
734 4916
735 4917
736 4918
737 4919
738 4921
739 4922
740 4923
741 4924
742 4925
743 4926
744 4927
745 4928
746 4929
747 4930
748 4931
749 4932
750 4933
751 4934
752 4935
753 4936
754 4937
755 4938
756 4939
757 4940
758 4941
759 4942
760 4943
761 4944
762 4945
763 4946
764 4947
765 4948
766 4949
767 4950
768 4951
769 4952
770 4953
771 4954
772 4955
773 4956
774 4957
775 4958
776 4959
777 4960
778 4961
779 4962
780 4963
781 4964
782 4965
783 4966
784 4967
785 4968
786 4969
787 4970
788 4971
789 4972
790 4973
791 4974
792 4976
793 4978
794 4980
795 4981
796 4982
797 4983
798 4984
799 4985
800 4986
801 4987
802 4988
803 4989
804 4990
805 4991
806 4992
807 4994
808 4996
809 4997
810 4998
811 4999
812 5000
813 5001
814 5002
815 5003
816 5004
817 5005
818 5006
819 5007
820 5008
821 5009
822 5010
823 5011
824 5012
825 5013
826 5014
827 5015
828 5016
829 5017
830 5018
831 5019
832 5020
833 5025
834 5027
835 5028
836 5029
837 5030
838 5031
839 5032
840 5033
841 5034
842 5035
843 5036
844 5041
845 5043
846 5045
847 5047
848 5048
849 5050
850 5052
851 5053
852 5054
853 5055
854 5056
855 5057
856 5058
857 5061
858 5063
859 5065
860 5066
861 5067
862 5068
863 5069
864 5070
865 5071
866 5072
867 5073
868 5074
869 5075
870 5076
871 5082
872 5084
873 5086
874 5087
875 5090
876 5091
877 5092
878 5094
879 5100
880 5102
881 5103
882 5104
883 5105
884 5106
885 5107
886 5108
887 5109
888 5110
889 5111
890 5112
891 5113
892 5114
893 5117
894 5119
895 5120
896 5121
897 5122
898 5123
899 5124
900 5125
901 5126
902 5127
903 5129
904 5130
905 5135
906 5137
907 5141
908 5142
909 5143
910 5144
911 5145
912 5146
913 5147
914 5148
915 5149
916 5150
917 5152
918 5153
919 5155
920 5156
921 5157
922 5158
923 5159
924 5160
925 5161
926 5162
927 5163
928 5166
929 5167
930 5171
931 5172
932 5173
933 5174
934 5175
935 5177
936 5178
937 5179
938 5180
939 5181
940 5183
941 5184
942 5186
943 5187
944 5188
945 5189
946 5190
947 5191
948 5192
949 5194
950 5196
951 5201
952 5203
953 5205
954 5206
955 5208
956 5211
957 5212
958 5216
959 5218
960 5220
961 5221
962 5230
963 5240
964 5245
965 5246
966 5262
967 5263
968 5264
969 5265
970 5266
971 5270
972 5273
973 5275
974 5283
975 5285
976 5305
977 5307
978 5309
979 5311
980 5312
981 5314
982 5315
983 5317
984 5318
985 5319
986 5320
987 5322
988 5328
989 5330
990 5332
991 5334
992 5336
993 5338
994 5340
995 5343
996 5345
997 5347
998 5351
999 5353
1000 5354
1001 5355
1002 5356
1003 5358
1004 5359
1005 5360
1006 5361
1007 5362
1008 5365
1009 5367
1010 5369
1011 5370
1012 5372
1013 5373
1014 5374
1015 5375
1016 5376
1017 5377
1018 5378
1019 5379
1020 5380
1021 5381
1022 5382
1023 5383
1024 5386
1025 5387
1026 5389
1027 5391
1028 5397
1029 5399
1030 5403
1031 5405
1032 5407
1033 5409
1034 5411
1035 5412
1036 5413
1037 5414
1038 5415
1039 5416
1040 5417
1041 5419
1042 5421
1043 5422
1044 5425
1045 5426
1046 5428
1047 5431
1048 5433
1049 5435
1050 5437
1051 5442
1052 5443
1053 5444
1054 5445
1055 5446
1056 5448
1057 5449
1058 5450
1059 5451
1060 5452
1061 5453
1062 5454
1063 5455
1064 5456
1065 5457
1066 5458
1067 5460
1068 5461
1069 5463
1070 5464
1071 5465
1072 5466
1073 5468
1074 5469
1075 5470
1076 5471
1077 5472
1078 5473
1079 5474
1080 5476
1081 5477
1082 5479
1083 5482
1084 5483
1085 5484
1086 5485
1087 5486
1088 5487
1089 5488
1090 5490
1091 5491
1092 5492
1093 5493
1094 5495
1095 5496
1096 5497
1097 5498
1098 5499
1099 5500
1100 5501
1101 5502
1102 5503
1103 5504
1104 5505
1105 5506
1106 5507
1107 5508
1108 5509
1109 5510
1110 5511
1111 5513
1112 5515
1113 5516
1114 5518
1115 5520
1116 5521
1117 5522
1118 5523
1119 5524
1120 5525
1121 5526
1122 5527
1123 5528
1124 5529
1125 5534
1126 5535
1127 5537
1128 5539
1129 5541
1130 5543
1131 5546
1132 5547
1133 5548
1134 5549
1135 5550
1136 5551
1137 5552
1138 5553
1139 5554
1140 5555
1141 5556
1142 5557
1143 5558
1144 5559
1145 5560
1146 5561
1147 5563
1148 5565
1149 5567
1150 5569
1151 5571
1152 5572
1153 5574
1154 5575
1155 5578
1156 5579
1157 5580
1158 5581
1159 5582
1160 5583
1161 5584
1162 5585
1163 5586
1164 5587
1165 5588
1166 5589
1167 5590
1168 5591
1169 5592
1170 5593
1171 5594
1172 5595
1173 5596
1174 5597
1175 5598
1176 5599
1177 5600
1178 5601
1179 5602
1180 5603
1181 5604
1182 5605
1183 5606
1184 5607
1185 5608
1186 5609
1187 5610
1188 5611
1189 5612
1190 5613
1191 5614
1192 5615
1193 5616
1194 5617
1195 5618
1196 5619
1197 5620
1198 5621
1199 5622
1200 5623
1201 5624
1202 5626
1203 5627
1204 5628
1205 5629
1206 5630
1207 5631
1208 5632
1209 5633
1210 5634
1211 5635
1212 5636
1213 5638
1214 5639
1215 5641
1216 5642
1217 5644
1218 5645
1219 5646
1220 5648
1221 5649
1222 5650
1223 5651
1224 5652
1225 5653
1226 5655
1227 5656
1228 5657
1229 5659
1230 5661
1231 5663
1232 5667
1233 5669
1234 5670
1235 5674
1236 5676
1237 5677
1238 5678
1239 5680
1240 5682
1241 5684
1242 5702
1243 5704
1244 5707
1245 5708
1246 5710
1247 5711
1248 5712
1249 5714
1250 5715
1251 5717
1252 5719
1253 5722
1254 5729
1255 5732
1256 5735
1257 5737
1258 5742
1259 5743
1260 5744
1261 5745
1262 5748
1263 5749
1264 5750
1265 5751
1266 5752
1267 5753
1268 5754
1269 5755
1270 5756
1271 5757
1272 5758
1273 5760
1274 5761
1275 5762
1276 5763
1277 5764
1278 5765
1279 5766
1280 5767
1281 5768
1282 5769
1283 5770
1284 5772
1285 5774
1286 5775
1287 5776
1288 5777
1289 5778
1290 5779
1291 5780
1292 5781
1293 5782
1294 5783
1295 5784
1296 5785
1297 5786
1298 5787
1299 5788
1300 5789
1301 5790
1302 5791
1303 5792
1304 5793
1305 5794
1306 5795
1307 5796
1308 5797
1309 5798
1310 5799
1311 5800
1312 5801
1313 5802
1314 5804
1315 5807
1316 5809
1317 5811
1318 5813
1319 5815
1320 5816
1321 5817
1322 5818
1323 5819
1324 5820
1325 5822
1326 5824
1327 5825
1328 5826
1329 5828
1330 5829
1331 5830
1332 5831
1333 5832
1334 5834
1335 5838
1336 5840
1337 5841
1338 5843
1339 5845
1340 5847
1341 5848
1342 5849
1343 5850
1344 5851
1345 5852
1346 5853
1347 5855
1348 5856
1349 5858
1350 5859
1351 5861
1352 5862
1353 5863
1354 5864
1355 5865
1356 5866
1357 5867
1358 5869
1359 5872
1360 5873
1361 5874
1362 5875
1363 5877
1364 5878
1365 5879
1366 5880
1367 5881
1368 5883
1369 5884
1370 5885
1371 5886
1372 5887
1373 5888
1374 5889
1375 5890
1376 5891
1377 5892
1378 5893
1379 5894
1380 5895
1381 5896
1382 5897
1383 5898
1384 5899
1385 5900
1386 5901
1387 5907
1388 5908
1389 5909
1390 5911
1391 5912
1392 5913
1393 5914
1394 5915
1395 5916
1396 5918
1397 5919
1398 5920
1399 5921
1400 5922
1401 5923
1402 5924
1403 5925
1404 5926
1405 5927
1406 5928
1407 5929
1408 5930
1409 5931
1410 5932
1411 5933
1412 5934
1413 5935
1414 5936
1415 5937
1416 5938
1417 5939
1418 5941
1419 5943
1420 5945
1421 5946
1422 5947
1423 5948
1424 5949
1425 5950
1426 5951
1427 5952
1428 5953
1429 5954
1430 5955
1431 5956
1432 5957
1433 5958
1434 5959
1435 5960
1436 5961
1437 5962
1438 5963
1439 5964
1440 5965
1441 5966
1442 5967
1443 5968
1444 5969
1445 5970
1446 5971
1447 5972
1448 5973
1449 5974
1450 5975
1451 5976
1452 5977
1453 5978
1454 5979
1455 5980
1456 5981
1457 5982
1458 5983
1459 5984
1460 5985
1461 5986
1462 5987
1463 5988
1464 5989
1465 5990
1466 5991
1467 5992
1468 5993
1469 5994
1470 5995
1471 5996
1472 5997
1473 5998
1474 5999
1475 6000
1476 6001
1477 6002
1478 6003
1479 6004
1480 6005
1481 6006
1482 6007
1483 6008
1484 6009
1485 6010
1486 6011
1487 6012
1488 6013
1489 6014
1490 6015
1491 6016
1492 6017
1493 6018
1494 6019
1495 6020
1496 6021
1497 6022
1498 6023
1499 6024
1500 6025
1501 6026
1502 6027
1503 6028
1504 6029
1505 6030
1506 6031
1507 6032
1508 6033
1509 6034
1510 6035
1511 6036
1512 6037
1513 6038
1514 6039
1515 6040
1516 6041
1517 6042
1518 6043
1519 6044
1520 6045
1521 6046
1522 6047
1523 6048
1524 6049
1525 6050
1526 6051
1527 6052
1528 6053
1529 6054
1530 6055
1531 6056
1532 6057
1533 6058
1534 6059
1535 6060
1536 6061
1537 6062
1538 6063
1539 6064
1540 6065
1541 6066
1542 6067
1543 6068
1544 6069
1545 6070
1546 6071
1547 6072
1548 6073
1549 6074
1550 6075
1551 6076
1552 6077
1553 6078
1554 6079
1555 6080
1556 6081
1557 6082
1558 6083
1559 6084
1560 6085
1561 6086
1562 6088
1563 6089
1564 6090
1565 6091
1566 6092
1567 6093
1568 6094
1569 6095
1570 6096
1571 6097
1572 6098
1573 6100
1574 6101
1575 6102
1576 6103
1577 6105
1578 6107
1579 6108
1580 6109
1581 6110
1582 6111
1583 6113
1584 6114
1585 6115
1586 6116
1587 6117
1588 6118
1589 6119
1590 6121
1591 6122
1592 6123
1593 6124
1594 6125
1595 6126
1596 6129
1597 6130
1598 6131
1599 6133
1600 6134
1601 6135
1602 6136
1603 6137
1604 6138
1605 6139
1606 6140
1607 6141
1608 6142
1609 6143
1610 6144
1611 6145
1612 6146
1613 6147
1614 6148
1615 6149
1616 6150
1617 6151
1618 6152
1619 6153
1620 6154
1621 6155
1622 6156
1623 6157
1624 6159
1625 6160
1626 6161
1627 6162
1628 6163
1629 6164
1630 6165
1631 6166
1632 6167
1633 6168
1634 6169
1635 6170
1636 6171
1637 6172
1638 6173
1639 6174
1640 6175
1641 6176
1642 6177
1643 6178
1644 6179
1645 6180
1646 6181
1647 6182
1648 6183
1649 6184
1650 6185
1651 6186
1652 6187
1653 6188
1654 6189
1655 6190
1656 6191
1657 6192
1658 6193
1659 6194
1660 6195
1661 6196
1662 6197
1663 6198
1664 6199
1665 6200
1666 6201
1667 6202
1668 6203
1669 6204
1670 6205
1671 6206
1672 6207
1673 6208
1674 6209
1675 6210
1676 6211
1677 6212
1678 6213
1679 6214
1680 6215
1681 6216
1682 6217
1683 6218
1684 6219
1685 6220
1686 6221
1687 6222
1688 6223
1689 6224
1690 6225
1691 6226
1692 6227
1693 6228
1694 6229
1695 6230
1696 6231
1697 6232
1698 6233
1699 6234
1700 6235
1701 6236
1702 6237
1703 6238
1704 6239
1705 6240
1706 6241
1707 6242
1708 6243
1709 6244
1710 6245
1711 6246
1712 6247
1713 6248
1714 6249
1715 6250
1716 6251
1717 6252
1718 6253
1719 6254
1720 6255
1721 6256
1722 6257
1723 6258
1724 6259
1725 6260
1726 6261
1727 6262
1728 6263
1729 6264
1730 6265
1731 6266
1732 6267
1733 6268
1734 6269
1735 6270
1736 6271
1737 6272
1738 6273
1739 6274
1740 6275
1741 6276
1742 6277
1743 6278
1744 6279
1745 6280
1746 6281
1747 6282
1748 6283
1749 6284
1750 6285
1751 6286
1752 6287
1753 6288
1754 6289
1755 6290
1756 6291
1757 6292
1758 6293
1759 6294
1760 6295
1761 6296
1762 6297
1763 6298
1764 6299
1765 6300
1766 6301
1767 6302
1768 6303
1769 6304
1770 6305
1771 6306
1772 6307
1773 6308
1774 6309
1775 6310
1776 6311
1777 6312
1778 6313
1779 6314
1780 6315
1781 6316
1782 6317
1783 6318
1784 6320
1785 6321
1786 6322
1787 6323
1788 6324
1789 6325
1790 6326
1791 6327
1792 6328
1793 6329
1794 6330
1795 6331
1796 6332
1797 6334
1798 6335
1799 6336
1800 6337
1801 6338
1802 6339
1803 6340
1804 6341
1805 6342
1806 6343
1807 6344
1808 6345
1809 6346
1810 6347
1811 6348
1812 6349
1813 6350
1814 6351
1815 6352
1816 6353
1817 6354
1818 6355
1819 6356
1820 6357
1821 6360
1822 6361
1823 6362
1824 6363
1825 6366
1826 6367
1827 6368
1828 6369
1829 6370
1830 6371
1831 6372
1832 6373
1833 6375
1834 6376
1835 6378
1836 6379
1837 6380
1838 6381
1839 6382
1840 6383
1841 6384
1842 6385
1843 6386
1844 6387
1845 6388
1846 6389
1847 6390
1848 6391
1849 6392
1850 6393
1851 6394
1852 6395
1853 6398
1854 6399
1855 6400
1856 6401
1857 6402
1858 6404
1859 6405
1860 6406
1861 6407
1862 6408
1863 6409
1864 6411
1865 6412
1866 6413
1867 6414
1868 6416
1869 6417
1870 6418
1871 6419
1872 6420
1873 6421
1874 6422
1875 6423
1876 6424
1877 6425
1878 6426
1879 6427
1880 6428
1881 6429
1882 6430
1883 6431
1884 6432
1885 6433
1886 6434
1887 6435
1888 6437
1889 6438
1890 6440
1891 6441
1892 6442
1893 6443
1894 6444
1895 6445
1896 6446
1897 6447
1898 6448
1899 6449
1900 6451
1901 6452
1902 6453
1903 6454
1904 6455
1905 6456
1906 6457
1907 6458
1908 6460
1909 6462
1910 6463
1911 6465
1912 6467
1913 6468
1914 6469
1915 6470
1916 6471
1917 6472
1918 6473
1919 6474
1920 6475
1921 6476
1922 6477
1923 6478
1924 6479
1925 6480
1926 6482
1927 6483
1928 6485
1929 6486
1930 6487
1931 6488
1932 6489
1933 6490
1934 6491
1935 6492
1936 6493
1937 6495
1938 6496
1939 6498
1940 6499
1941 6500
1942 6501
1943 6502
1944 6503
1945 6505
1946 6507
1947 6508
1948 6510
1949 6512
1950 6513
1951 6514
1952 6515
1953 6516
1954 6517
1955 6518
1956 6519
1957 6520
1958 6521
1959 6522
1960 6523
1961 6524
1962 6525
1963 6526
1964 6527
1965 6529
1966 6530
1967 6531
1968 6532
1969 6533
1970 6534
1971 6535
1972 6536
1973 6537
1974 6538
1975 6539
1976 6542
1977 6544
1978 6545
1979 6546
1980 6547
1981 6549
1982 6551
1983 6552
1984 6553
1985 6554
1986 6555
1987 6556
1988 6557
1989 6558
1990 6560
1991 6561
1992 6562
1993 6564
1994 6566
1995 6567
1996 6569
1997 6570
1998 6571
1999 6572
2000 6573
2001 6574
2002 6575
2003 6577
2004 6578
2005 6579
2006 6580
2007 6581
2008 6582
2009 6583
2010 6584
2011 6585
2012 6586
2013 6587
2014 6589
2015 6590
2016 6591
2017 6592
2018 6593
2019 6595
2020 6597
2021 6600
2022 6601
2023 6602
2024 6603
2025 6604
2026 6605
2027 6608
2028 6610
2029 6615
2030 6618
2031 6619
2032 6620
2033 6621
2034 6622
2035 6623
2036 6624
2037 6625
2038 6626
2039 6627
2040 6628
2041 6629
2042 6630
2043 6631
2044 6632
2045 6633
2046 6634
2047 6635
2048 6636
2049 6637
2050 6638
2051 6639
2052 6640
2053 6641
2054 6642
2055 6643
2056 6644
2057 6645
2058 6646
2059 6648
2060 6649
2061 6652
2062 6653
2063 6654
2064 6655
2065 6656
2066 6657
2067 6658
2068 6659
2069 6660
2070 6662
2071 6664
2072 6665
2073 6666
2074 6668
2075 6669
2076 6671
2077 6672
2078 6673
2079 6675
2080 6676
2081 6677
2082 6678
2083 6679
2084 6680
2085 6681
2086 6682
2087 6683
2088 6684
2089 6685
2090 6686
2091 6687
2092 6688
2093 6689
2094 6690
2095 6691
2096 6692
2097 6693
2098 6694
2099 6695
2100 6696
2101 6697
2102 6698
2103 6699
2104 6700
2105 6701
2106 6702
2107 6703
2108 6704
2109 6705
2110 6706
2111 6707
2112 6708
2113 6709
2114 6710
2115 6712
2116 6713
2117 6714
2118 6715
2119 6716
2120 6717
2121 6718
2122 6719
2123 6720
2124 6722
2125 6724
2126 6725
2127 6726
2128 6727
2129 6728
2130 6730
2131 6731
2132 6732
2133 6733
2134 6734
2135 6735
2136 6736
2137 6737
2138 6738
2139 6739
2140 6740
2141 6741
2142 6742
2143 6743
2144 6744
2145 6745
2146 6746
2147 6747
2148 6748
2149 6749
2150 6750
2151 6751
2152 6752
2153 6753
2154 6754
2155 6755
2156 6756
2157 6757
2158 6758
2159 6759
2160 6760
2161 6761
2162 6762
2163 6763
2164 6764
2165 6765
2166 6766
2167 6767
2168 6768
2169 6769
2170 6770
2171 6771
2172 6772
2173 6774
2174 6775
2175 6776
2176 6778
2177 6779
2178 6780
2179 6781
2180 6783
2181 6784
2182 6785
2183 6786
2184 6787
2185 6788
2186 6789
2187 6790
2188 6791
2189 6792
2190 6793
2191 6794
2192 6795
2193 6796
2194 6797
2195 6798
2196 6799
2197 6800
2198 6801
2199 6802
2200 6803
2201 6804
2202 6805
2203 6806
2204 6807
2205 6808
2206 6809
2207 6810
2208 6811
2209 6812
2210 6813
2211 6814
2212 6815
2213 6816
2214 6817
2215 6818
2216 6819
2217 6820
2218 6821
2219 6822
2220 6823
2221 6824
2222 6825
2223 6826
2224 6827
2225 6828
2226 6829
2227 6830
2228 6831
2229 6832
2230 6833
2231 6834
2232 6835
2233 6836
2234 6837
2235 6838
2236 6839
2237 6840
2238 6841
2239 6842
2240 6843
2241 6844
2242 6845
2243 6846
2244 6847
2245 6848
2246 6849
2247 6850
2248 6851
2249 6852
2250 6853
2251 6854
2252 6855
2253 6856
2254 6857
2255 6858
2256 6859
2257 6860
2258 6861
2259 6862
2260 6863
2261 6864
2262 6865
2263 6866
2264 6867
2265 6868
2266 6869
2267 6870
2268 6871
2269 6872
2270 6873
2271 6874
2272 6875
2273 6877
2274 6878
2275 6879
2276 6880
2277 6881
2278 6882
2279 6883
2280 6884
2281 6885
2282 6886
2283 6887
2284 6888
2285 6889
2286 6890
2287 6891
2288 6892
2289 6893
2290 6894
2291 6895
2292 6896
2293 6897
2294 6898
2295 6899
2296 6900
2297 6901
2298 6903
2299 6904
2300 6906
2301 6907
2302 6909
2303 6910
2304 6911
2305 6912
2306 6913
2307 6914
2308 6915
2309 6916
2310 6917
2311 6918
2312 6919
2313 6920
2314 6921
2315 6922
2316 6923
2317 6924
2318 6925
2319 6926
2320 6927
2321 6928
2322 6929
2323 6930
2324 6931
2325 6932
2326 6933
2327 6934
2328 6935
2329 6936
2330 6937
2331 6938
2332 6939
2333 6940
2334 6941
2335 6942
2336 6943
2337 6944
2338 6945
2339 6947
2340 6948
2341 6949
2342 6950
2343 6951
2344 6952
2345 6954
2346 6955
2347 6956
2348 6957
2349 6958
2350 6959
2351 6960
2352 6961
2353 6962
2354 6963
2355 6964
2356 6965
2357 6966
2358 6967
2359 6968
2360 6969
2361 6970
2362 6972
2363 6973
2364 6975
2365 6977
2366 6978
2367 6979
2368 6980
2369 6981
2370 6982
2371 6983
2372 6984
2373 6985
2374 6986
2375 6987
2376 6988
2377 6989
2378 6990
2379 6991
2380 6992
2381 6993
2382 6994
2383 6995
2384 6996
2385 6997
2386 6998
2387 6999
2388 7000
2389 7001
2390 7002
2391 7003
2392 7004
2393 7005
2394 7006
2395 7007
2396 7008
2397 7009
2398 7010
2399 7011
2400 7012
2401 7013
2402 7014
2403 7015
2404 7016
2405 7017
2406 7018
2407 7019
2408 7020
2409 7022
2410 7023
2411 7024
2412 7025
2413 7026
2414 7027
2415 7028
2416 7029
2417 7030
2418 7031
2419 7032
2420 7033
2421 7034
2422 7035
2423 7036
2424 7037
2425 7038
2426 7039
2427 7040
2428 7041
2429 7042
2430 7043
2431 7044
2432 7045
2433 7046
2434 7047
2435 7048
2436 7049
2437 7050
2438 7051
2439 7052
2440 7053
2441 7054
2442 7055
2443 7056
2444 7057
2445 7058
2446 7059
2447 7060
2448 7061
2449 7062
2450 7063
2451 7064
2452 7065
2453 7066
2454 7067
2455 7068
2456 7069
2457 7070
2458 7071
2459 7072
2460 7073
2461 7074
2462 7075
2463 7076
2464 7077
2465 7078
2466 7079
2467 7080
2468 7081
2469 7082
2470 7083
2471 7084
2472 7085
2473 7086
2474 7087
2475 7088
2476 7089
2477 7090
2478 7091
2479 7092
2480 7093
2481 7094
2482 7095
2483 7096
2484 7097
2485 7098
2486 7099
2487 7101
2488 7102
2489 7104
2490 7105
2491 7106
2492 7107
2493 7108
2494 7109
2495 7110
2496 7111
2497 7113
2498 7114
2499 7115
2500 7116
2501 7117
2502 7118
2503 7119
2504 7120
2505 7121
2506 7122
2507 7123
2508 7125
2509 7127
2510 7128
2511 7129
2512 7130
2513 7131
2514 7132
2515 7133
2516 7134
2517 7135
2518 7136
2519 7137
2520 7138
2521 7139
2522 7140
2523 7141
2524 7142
2525 7143
2526 7144
2527 7145
2528 7146
2529 7147
2530 7148
2531 7149
2532 7150
2533 7151
2534 7152
2535 7153
2536 7154
2537 7155
2538 7158
2539 7159
2540 7160
2541 7161
2542 7163
2543 7164
2544 7166
2545 7167
2546 7168
2547 7169
2548 7170
2549 7171
2550 7172
2551 7173
2552 7174
2553 7175
2554 7176
2555 7178
2556 7180
2557 7181
2558 7182
2559 7183
2560 7184
2561 7185
2562 7186
2563 7187
2564 7188
2565 7189
2566 7190
2567 7191
2568 7192
2569 7193
2570 7194
2571 7195
2572 7196
2573 7197
2574 7198
2575 7199
2576 7200
2577 7201
2578 7202
2579 7203
2580 7204
2581 7205
2582 7206
2583 7207
2584 7208
2585 7209
2586 7210
2587 7211
2588 7212
2589 7213
2590 7214
2591 7216
2592 7217
2593 7218
2594 7219
2595 7220
2596 7221
2597 7222
2598 7223
2599 7224
2600 7225
2601 7226
2602 7227
2603 7228
2604 7229
2605 7230
2606 7231
2607 7232
2608 7233
2609 7235
2610 7236
2611 7237
2612 7239
2613 7241
2614 7242
2615 7243
2616 7244
2617 7245
2618 7246
2619 7247
2620 7248
2621 7249
2622 7250
2623 7251
2624 7252
2625 7253
2626 7254
2627 7255
2628 7256
2629 7257
2630 7258
2631 7259
2632 7260
2633 7261
2634 7262
2635 7263
2636 7264
2637 7265
2638 7266
2639 7267
2640 7268
2641 7269
2642 7270
2643 7271
2644 7273
2645 7275
2646 7276
2647 7278
2648 7279
2649 7280
2650 7281
2651 7282
2652 7283
2653 7284
2654 7285
2655 7286
2656 7287
2657 7288
2658 7290
2659 7291
2660 7293
2661 7295
2662 7296
2663 7297
2664 7298
2665 7299
2666 7300
2667 7301
2668 7302
2669 7303
2670 7304
2671 7305
2672 7306
2673 7307
2674 7308
2675 7309
2676 7310
2677 7311
2678 7312
2679 7313
2680 7314
2681 7315
2682 7316
2683 7317
2684 7318
2685 7319
2686 7320
2687 7321
2688 7322
2689 7323
2690 7324
2691 7325
2692 7327
2693 7328
2694 7330
2695 7331
2696 7333
2697 7334
2698 7335
2699 7336
2700 7337
2701 7338
2702 7339
2703 7340
2704 7341
2705 7342
2706 7343
2707 7344
2708 7346
2709 7348
2710 7350
2711 7351
2712 7352
2713 7353
2714 7354
2715 7355
2716 7356
2717 7357
2718 7358
2719 7359
2720 7360
2721 7361
2722 7362
2723 7363
2724 7364
2725 7365
2726 7366
2727 7367
2728 7368
2729 7369
2730 7370
2731 7371
2732 7372
2733 7373
2734 7374
2735 7375
2736 7376
2737 7377
2738 7378
2739 7379
2740 7380
2741 7381
2742 7382
2743 7383
2744 7384
2745 7385
2746 7386
2747 7387
2748 7388
2749 7389
2750 7390
2751 7391
2752 7392
2753 7393
2754 7394
2755 7395
2756 7396
2757 7397
2758 7398
2759 7399
2760 7400
2761 7401
2762 7402
2763 7403
2764 7404
2765 7406
2766 7407
2767 7409
2768 7411
2769 7412
2770 7413
2771 7414
2772 7415
2773 7416
2774 7417
2775 7418
2776 7419
2777 7420
2778 7421
2779 7422
2780 7423
2781 7424
2782 7425
2783 7426
2784 7427
2785 7428
2786 7429
2787 7430
2788 7431
2789 7432
2790 7433
2791 7434
2792 7435
2793 7436
2794 7437
2795 7438
2796 7439
2797 7440
2798 7441
2799 7442
2800 7443
2801 7444
2802 7445
2803 7446
2804 7447
2805 7448
2806 7449
2807 7450
2808 7451
2809 7452
2810 7453
2811 7454
2812 7455
2813 7456
2814 7457
2815 7458
2816 7459
2817 7460
2818 7461
2819 7462
2820 7463
2821 7464
2822 7465
2823 7466
2824 7467
2825 7468
2826 7469
2827 7470
2828 7471
2829 7472
2830 7473
2831 7474
2832 7475
2833 7476
2834 7477
2835 7478
2836 7480
2837 7481
2838 7482
2839 7483
2840 7484
2841 7485
2842 7486
2843 7487
2844 7488
2845 7489
2846 7490
2847 7491
2848 7492
2849 7493
2850 7495
2851 7496
2852 7497
2853 7498
2854 7499
2855 7500
2856 7501
2857 7502
2858 7503
2859 7504
2860 7505
2861 7506
2862 7507
2863 7508
2864 7509
2865 7510
2866 7511
2867 7512
2868 7513
2869 7514
2870 7515
2871 7516
2872 7517
2873 7518
2874 7519
2875 7520
2876 7521
2877 7522
2878 7523
2879 7524
2880 7525
2881 7526
2882 7527
2883 7528
2884 7529
2885 7530
2886 7531
2887 7532
2888 7533
2889 7534
2890 7535
2891 7536
2892 7537
2893 7538
2894 7539
2895 7540
2896 7541
2897 7542
2898 7543
2899 7544
2900 7546
2901 7547
2902 7548
2903 7549
2904 7550
2905 7551
2906 7552
2907 7553
2908 7554
2909 7555
2910 7556
2911 7557
2912 7558
2913 7559
2914 7561
2915 7562
2916 7563
2917 7564
2918 7565
2919 7566
2920 7567
2921 7568
2922 7569
2923 7570
2924 7571
2925 7572
2926 7573
2927 7574
2928 7575
2929 7576
2930 7577
2931 7578
2932 7579
2933 7580
2934 7581
2935 7582
2936 7583
2937 7584
2938 7585
2939 7586
2940 7587
2941 7588
2942 7589
2943 7590
2944 7591
2945 7592
2946 7593
2947 7594
2948 7595
2949 7596
2950 7597
2951 7598
2952 7599
2953 7600
2954 7601
2955 7602
2956 7603
2957 7604
2958 7605
2959 7606
2960 7607
2961 7608
2962 7609
2963 7610
2964 7611
2965 7612
2966 7613
2967 7614
2968 7615
2969 7616
2970 7617
2971 7618
2972 7619
2973 7620
2974 7621
2975 7622
2976 7623
2977 7624
2978 7625
2979 7626
2980 7627
2981 7628
2982 7629
2983 7630
2984 7631
2985 7632
2986 7633
2987 7634
2988 7635
2989 7636
2990 7637
2991 7638
2992 7639
2993 7640
2994 7641
2995 7642
2996 7643
2997 7644
2998 7645
2999 7646
3000 7647
3001 7648
3002 7649
3003 7650
3004 7651
3005 7652
3006 7653
3007 7654
3008 7655
3009 7656
3010 7657
3011 7658
3012 7659
3013 7660
3014 7661
3015 7662
3016 7663
3017 7664
3018 7665
3019 7666
3020 7667
3021 7668
3022 7669
3023 7670
3024 7671
3025 7672
3026 7673
3027 7674
3028 7675
3029 7676
3030 7677
3031 7678
3032 7679
3033 7680
3034 7681
3035 7682
3036 7683
3037 7684
3038 7685
3039 7686
3040 7687
3041 7688
3042 7689
3043 7690
3044 7691
3045 7692
3046 7694
3047 7696
3048 7697
3049 7698
3050 7699
3051 7700
3052 7701
3053 7702
3054 7703
3055 7704
3056 7705
3057 7706
3058 7707
3059 7708
3060 7709
3061 7710
3062 7711
3063 7712
3064 7713
3065 7714
3066 7715
3067 7716
3068 7717
3069 7718
3070 7719
3071 7720
3072 7721
3073 7722
3074 7723
3075 7724
3076 7725
3077 7726
3078 7727
3079 7728
3080 7729
3081 7730
3082 7731
3083 7732
3084 7733
3085 7734
3086 7735
3087 7736
3088 7737
3089 7738
3090 7739
3091 7740
3092 7741
3093 7742
3094 7743
3095 7744
3096 7745
3097 7746
3098 7747
3099 7748
3100 7749
3101 7750
3102 7751
3103 7752
3104 7753
3105 7755
3106 7757
3107 7758
3108 7759
3109 7760
3110 7761
3111 7762
3112 7763
3113 7764
3114 7765
3115 7766
3116 7767
3117 7768
3118 7769
3119 7770
3120 7771
3121 7772
3122 7773
3123 7774
3124 7775
3125 7776
3126 7777
3127 7778
3128 7779
3129 7780
3130 7781
3131 7782
3132 7783
3133 7784
3134 7785
3135 7786
3136 7787
3137 7788
3138 7789
3139 7790
3140 7791
3141 7792
3142 7793
3143 7794
3144 7795
3145 7796
3146 7797
3147 7798
3148 7799
3149 7800
3150 7801
3151 7802
3152 7803
3153 7804
3154 7805
3155 7806
3156 7807
3157 7808
3158 7809
3159 7810
3160 7811
3161 7812
3162 7813
3163 7814
3164 7815
3165 7816
3166 7817
3167 7818
3168 7819
3169 7820
3170 7821
3171 7822
3172 7823
3173 7824
3174 7825
3175 7826
3176 7827
3177 7828
3178 7829
3179 7830
3180 7831
3181 7832
3182 7833
3183 7834
3184 7835
3185 7836
3186 7837
3187 7838
3188 7839
3189 7840
3190 7841
3191 7842
3192 7843
3193 7844
3194 7845
3195 7846
3196 7847
3197 7848
3198 7849
3199 7850
3200 7851
3201 7852
3202 7853
3203 7854
3204 7855
3205 7856
3206 7857
3207 7858
3208 7859
3209 7860
3210 7861
3211 7862
3212 7863
3213 7864
3214 7865
3215 7866
3216 7867
3217 7868
3218 7869
3219 7870
3220 7871
3221 7872
3222 7873
3223 7874
3224 7875
3225 7876
3226 7877
3227 7878
3228 7879
3229 7880
3230 7881
3231 7882
3232 7883
3233 7884
3234 7885
3235 7886
3236 7887
3237 7888
3238 7889
3239 7890
3240 7891
3241 7892
3242 7893
3243 7894
3244 7895
3245 7896
3246 7897
3247 7898
3248 7899
3249 7900
3250 7901
3251 7902
3252 7903
3253 7904
3254 7905
3255 7906
3256 7907
3257 7908
3258 7909
3259 7910
3260 7911
3261 7912
3262 7913
3263 7914
3264 7915
3265 7916
3266 7917
3267 7918
3268 7919
3269 7920
3270 7921
3271 7922
3272 7923
3273 7924
3274 7925
3275 7926
3276 7928
3277 7931
3278 7933
3279 7934
3280 7935
3281 7936
3282 7937
3283 7938
3284 7939
3285 7940
3286 7941
3287 7942
3288 7943
3289 7944
3290 7945
3291 7946
3292 7947
3293 7948
3294 7949
3295 7950
3296 7951
3297 7952
3298 7953
3299 7954
3300 7955
3301 7956
3302 7957
3303 7958
3304 7959
3305 7960
3306 7961
3307 7962
3308 7963
3309 7964
3310 7965
3311 7966
3312 7967
3313 7968
3314 7969
3315 7970
3316 7971
3317 7972
3318 7973
3319 7974
3320 7975
3321 7976
3322 7977
3323 7978
3324 7979
3325 7980
3326 7981
3327 7982
3328 7983
3329 7984
3330 7985
3331 7986
3332 7988
3333 7991
3334 7993
3335 7994
3336 7995
3337 7996
3338 7997
3339 7998
3340 7999
3341 8000
3342 8001
3343 8002
3344 8003
3345 8004
3346 8005
3347 8006
3348 8007
3349 8008
3350 8009
3351 8010
3352 8011
3353 8012
3354 8013
3355 8014
3356 8015
3357 8016
3358 8017
3359 8018
3360 8019
3361 8020
3362 8021
3363 8022
3364 8023
3365 8024
3366 8025
3367 8026
3368 8027
3369 8028
3370 8029
3371 8030
3372 8031
3373 8032
3374 8033
3375 8034
3376 8035
3377 8036
3378 8037
3379 8038
3380 8039
3381 8040
3382 8041
3383 8042
3384 8043
3385 8044
3386 8045
3387 8046
3388 8047
3389 8048
3390 8049
3391 8050
3392 8051
3393 8052
3394 8053
3395 8054
3396 8055
3397 8056
3398 8057
3399 8058
3400 8059
3401 8060
3402 8061
3403 8062
3404 8063
3405 8064
3406 8065
3407 8066
3408 8068
3409 8070
3410 8071
3411 8072
3412 8073
3413 8074
3414 8075
3415 8076
3416 8078
3417 8079
3418 8080
3419 8081
3420 8082
3421 8083
3422 8085
3423 8087
3424 8089
3425 8091
3426 8092
3427 8093
3428 8094
3429 8095
3430 8096
3431 8097
3432 8098
3433 8099
3434 8100
3435 8101
3436 8102
3437 8103
3438 8104
3439 8105
3440 8106
3441 8107
3442 8108
3443 8109
3444 8110
3445 8111
3446 8112
3447 8113
3448 8114
3449 8116
3450 8117
3451 8119
3452 8120
3453 8121
3454 8122
3455 8123
3456 8124
3457 8125
3458 8127
3459 8128
3460 8129
3461 8130
3462 8131
3463 8132
3464 8133
3465 8134
3466 8136
3467 8138
3468 8140
3469 8142
3470 8143
3471 8144
3472 8145
3473 8146
3474 8147
3475 8148
3476 8149
3477 8150
3478 8151
3479 8152
3480 8153
3481 8154
3482 8155
3483 8156
3484 8158
3485 8159
3486 8160
3487 8161
3488 8162
3489 8163
3490 8164
3491 8165
3492 8166
3493 8167
3494 8168
3495 8169
3496 8170
3497 8171
3498 8172
3499 8173
3500 8174
3501 8175
3502 8176
3503 8177
3504 8178
3505 8179
3506 8180
3507 8181
3508 8182
3509 8183
3510 8184
3511 8185
3512 8186
3513 8187
3514 8188
3515 8189
3516 8190
3517 8191
3518 8192
3519 8193
3520 8194
3521 8195
3522 8196
3523 8197
3524 8198
3525 8199
3526 8200
3527 8201
3528 8202
3529 8203
3530 8204
3531 8205
3532 8206
3533 8207
3534 8208
3535 8209
3536 8210
3537 8211
3538 8212
3539 8213
3540 8214
3541 8215
3542 8217
3543 8219
3544 8220
3545 8221
3546 8222
3547 8223
3548 8224
3549 8225
3550 8226
3551 8227
3552 8228
3553 8229
3554 8230
3555 8231
3556 8232
3557 8233
3558 8234
3559 8235
3560 8236
3561 8237
3562 8238
3563 8239
3564 8240
3565 8241
3566 8242
3567 8243
3568 8244
3569 8245
3570 8246
3571 8247
3572 8248
3573 8250
3574 8252
3575 8253
3576 8255
3577 8256
3578 8257
3579 8258
3580 8259
3581 8260
3582 8261
3583 8262
3584 8263
3585 8264
3586 8265
3587 8266
3588 8267
3589 8268
3590 8269
3591 8270
3592 8271
3593 8272
3594 8273
3595 8274
3596 8275
3597 8276
3598 8277
3599 8278
3600 8280
3601 8281
3602 8282
3603 8283
3604 8284
3605 8285
3606 8286
3607 8287
3608 8288
3609 8289
3610 8290
3611 8291
3612 8292
3613 8293
3614 8294
3615 8295
3616 8296
3617 8298
3618 8299
3619 8301
3620 8302
3621 8303
3622 8304
3623 8305
3624 8311
3625 8312
3626 8313
3627 8314
3628 8315
3629 8316
3630 8317
3631 8318
3632 8319
3633 8320
3634 8321
3635 8322
3636 8323
3637 8324
3638 8325
3639 8326
3640 8327
3641 8328
3642 8329
3643 8330
3644 8331
3645 8332
3646 8333
3647 8334
3648 8335
3649 8336
3650 8337
3651 8338
3652 8339
3653 8341
3654 8343
3655 8349
3656 8351
3657 8352
3658 8353
3659 8356
3660 8357
3661 8358
3662 8359
3663 8360
3664 8361
3665 8362
3666 8363
3667 8364
3668 8365
3669 8366
3670 8367
3671 8368
3672 8369
3673 8370
3674 8371
3675 8372
3676 8373
3677 8374
3678 8375
3679 8376
3680 8377
3681 8379
3682 8381
3683 8383
3684 8385
3685 8387
3686 8389
3687 8390
3688 8391
3689 8392
3690 8393
3691 8395
3692 8396
3693 8397
3694 8399
3695 8400
3696 8401
3697 8403
3698 8404
3699 8406
3700 8408
3701 8410
3702 8411
3703 8412
3704 8413
3705 8414
3706 8416
3707 8417
3708 8418
3709 8419
3710 8420
3711 8421
3712 8422
3713 8423
3714 8424
3715 8425
3716 8426
3717 8427
3718 8428
3719 8429
3720 8430
3721 8431
3722 8433
3723 8434
3724 8436
3725 8437
3726 8438
3727 8439
3728 8443
3729 8446
3730 8448
3731 8449
3732 8450
3733 8451
3734 8452
3735 8454
3736 8455
3737 8456
3738 8457
3739 8458
3740 8459
3741 8460
3742 8461
3743 8462
3744 8463
3745 8464
3746 8465
3747 8466
3748 8467
3749 8468
3750 8469
3751 8470
3752 8471
3753 8472
3754 8473
3755 8474
3756 8475
3757 8476
3758 8477
3759 8479
3760 8480
3761 8481
3762 8482
3763 8484
3764 8485
3765 8486
3766 8488
3767 8489
3768 8490
3769 8491
3770 8492
3771 8493
3772 8495
3773 8496
3774 8497
3775 8498
3776 8499
3777 8500
3778 8501
3779 8502
3780 8503
3781 8504
3782 8505
3783 8506
3784 8507
3785 8508
3786 8509
3787 8510
3788 8511
3789 8512
3790 8513
3791 8514
3792 8515
3793 8516
3794 8517
3795 8518
3796 8519
3797 8520
3798 8521
3799 8522
3800 8523
3801 8525
3802 8526
3803 8527
3804 8528
3805 8529
3806 8531
3807 8532
3808 8533
3809 8534
3810 8535
3811 8536
3812 8537
3813 8538
3814 8539
3815 8540
3816 8541
3817 8543
3818 8544
3819 8545
3820 8547
3821 8548
3822 8549
3823 8550
3824 8551
3825 8552
3826 8553
3827 8554
3828 8555
3829 8556
3830 8557
3831 8558
3832 8559
3833 8560
3834 8561
3835 8562
3836 8563
3837 8564
3838 8565
3839 8566
3840 8567
3841 8568
3842 8569
3843 8570
3844 8571
3845 8572
3846 8573
3847 8574
3848 8575
3849 8576
3850 8577
3851 8578
3852 8579
3853 8581
3854 8582
3855 8583
3856 8584
3857 8585
3858 8586
3859 8587
3860 8588
3861 8589
3862 8590
3863 8591
3864 8592
3865 8593
3866 8594
3867 8595
3868 8596
3869 8597
3870 8599
3871 8600
3872 8601
3873 8602
3874 8603
3875 8604
3876 8605
3877 8606
3878 8607
3879 8608
3880 8609
3881 8610
3882 8611
3883 8612
3884 8613
3885 8614
3886 8615
3887 8616
3888 8617
3889 8618
3890 8619
3891 8620
3892 8621
3893 8622
3894 8623
3895 8624
3896 8625
3897 8626
3898 8627
3899 8628
3900 8629
3901 8630
3902 8631
3903 8632
3904 8633
3905 8635
3906 8636
3907 8637
3908 8638
3909 8639
3910 8640
3911 8641
3912 8642
3913 8643
3914 8644
3915 8645
3916 8646
3917 8647
3918 8648
3919 8650
3920 8652
3921 8653
3922 8654
3923 8655
3924 8657
3925 8658
3926 8659
3927 8660
3928 8661
3929 8662
3930 8663
3931 8664
3932 8665
3933 8666
3934 8667
3935 8668
3936 8669
3937 8670
3938 8671
3939 8672
3940 8673
3941 8674
3942 8675
3943 8676
3944 8677
3945 8678
3946 8679
3947 8680
3948 8681
3949 8682
3950 8683
3951 8685
3952 8686
3953 8687
3954 8688
3955 8689
3956 8690
3957 8691
3958 8692
3959 8693
3960 8694
3961 8695
3962 8696
3963 8697
3964 8699
3965 8701
3966 8702
3967 8703
3968 8705
3969 8706
3970 8707
3971 8708
3972 8709
3973 8710
3974 8711
3975 8712
3976 8713
3977 8714
3978 8715
3979 8716
3980 8717
3981 8718
3982 8719
3983 8720
3984 8721
3985 8722
3986 8723
3987 8724
3988 8725
3989 8726
3990 8727
3991 8728
3992 8729
3993 8730
3994 8731
3995 8732
3996 8733
3997 8734
3998 8735
3999 8736
4000 8737
4001 8738
4002 8739
4003 8740
4004 8741
4005 8742
4006 8743
4007 8744
4008 8745
4009 8746
4010 8747
4011 8748
4012 8749
4013 8750
4014 8751
4015 8752
4016 8753
4017 8754
4018 8755
4019 8756
4020 8757
4021 8758
4022 8759
4023 8760
4024 8761
4025 8762
4026 8763
4027 8764
4028 8765
4029 8766
4030 8767
4031 8768
4032 8769
4033 8770
4034 8771
4035 8772
4036 8773
4037 8774
4038 8775
4039 8776
4040 8777
4041 8778
4042 8779
4043 8781
4044 8783
4045 8785
4046 8786
4047 8787
4048 8788
4049 8790
4050 8792
4051 8793
4052 8794
4053 8795
4054 8796
4055 8797
4056 8798
4057 8799
4058 8800
4059 8801
4060 8802
4061 8803
4062 8804
4063 8805
4064 8806
4065 8807
4066 8809
4067 8811
4068 8812
4069 8813
4070 8814
4071 8815
4072 8816
4073 8817
4074 8818
4075 8819
4076 8820
4077 8821
4078 8822
4079 8823
4080 8824
4081 8825
4082 8826
4083 8828
4084 8830
4085 8833
4086 8834
4087 8836
4088 8838
4089 8839
4090 8840
4091 8841
4092 8842
4093 8843
4094 8844
4095 8845
4096 8846
4097 8847
4098 8848
4099 8849
4100 8850
4101 8851
4102 8852
4103 8853
4104 8855
4105 8857
4106 8858
4107 8859
4108 8860
4109 8861
4110 8862
4111 8863
4112 8864
4113 8865
4114 8866
4115 8867
4116 8868
4117 8869
4118 8870
4119 8871
4120 8872
4121 8873
4122 8874
4123 8875
4124 8876
4125 8877
4126 8880
4127 8881
4128 8882
4129 8883
4130 8884
4131 8885
4132 8886
4133 8887
4134 8888
4135 8889
4136 8890
4137 8891
4138 8892
4139 8893
4140 8894
4141 8895
4142 8896
4143 8897
4144 8898
4145 8899
4146 8900
4147 8901
4148 8902
4149 8903
4150 8904
4151 8905
4152 8906
4153 8907
4154 8908
4155 8909
4156 8910
4157 8911
4158 8912
4159 8913
4160 8914
4161 8915
4162 8916
4163 8917
4164 8919
4165 8920
4166 8921
4167 8922
4168 8923
4169 8924
4170 8925
4171 8926
4172 8928
4173 8929
4174 8930
4175 8931
4176 8932
4177 8933
4178 8934
4179 8935
4180 8936
4181 8937
4182 8938
4183 8939
4184 8940
4185 8941
4186 8942
4187 8943
4188 8944
4189 8945
4190 8946
4191 8947
4192 8948
4193 8949
4194 8950
4195 8951
4196 8952
4197 8953
4198 8954
4199 8955
4200 8956
4201 8957
4202 8958
4203 8959
4204 8960
4205 8961
4206 8962
4207 8963
4208 8965
4209 8966
4210 8967
4211 8968
4212 8970
4213 8971
4214 8972
4215 8973
4216 8974
4217 8975
4218 8976
4219 8977
4220 8978
4221 8979
4222 8980
4223 8981
4224 8982
4225 8983
4226 8984
4227 8985
4228 8986
4229 8987
4230 8988
4231 8989
4232 8990
4233 8991
4234 8992
4235 8993
4236 8994
4237 8995
4238 8996
4239 8997
4240 8999
4241 9001
4242 9002
4243 9003
4244 9004
4245 9005
4246 9006
4247 9007
4248 9008
4249 9010
4250 9011
4251 9012
4252 9013
4253 9014
4254 9016
4255 9017
4256 9019
4257 9020
4258 9021
4259 9022
4260 9023
4261 9024
4262 9025
4263 9026
4264 9027
4265 9028
4266 9029
4267 9030
4268 9031
4269 9032
4270 9033
4271 9034
4272 9035
4273 9036
4274 9037
4275 9038
4276 9039
4277 9040
4278 9041
4279 9042
4280 9043
4281 9044
4282 9045
4283 9047
4284 9049
4285 9050
4286 9051
4287 9052
4288 9053
4289 9054
4290 9055
4291 9056
4292 9057
4293 9059
4294 9060
4295 9061
4296 9062
4297 9063
4298 9064
4299 9065
4300 9066
4301 9067
4302 9069
4303 9070
4304 9071
4305 9072
4306 9073
4307 9074
4308 9075
4309 9076
4310 9077
4311 9078
4312 9079
4313 9080
4314 9081
4315 9082
4316 9083
4317 9084
4318 9085
4319 9086
4320 9087
4321 9088
4322 9089
4323 9090
4324 9091
4325 9092
4326 9093
4327 9094
4328 9095
4329 9096
4330 9097
4331 9098
4332 9099
4333 9100
4334 9101
4335 9102
4336 9103
4337 9104
4338 9105
4339 9106
4340 9107
4341 9108
4342 9109
4343 9110
4344 9111
4345 9112
4346 9113
4347 9114
4348 9115
4349 9116
4350 9117
4351 9118
4352 9119
4353 9120
4354 9121
4355 9122
4356 9123
4357 9124
4358 9125
4359 9126
4360 9127
4361 9128
4362 9129
4363 9130
4364 9131
4365 9132
4366 9133
4367 9134
4368 9135
4369 9137
4370 9139
4371 9141
4372 9143
4373 9144
4374 9145
4375 9146
4376 9147
4377 9148
4378 9149
4379 9150
4380 9151
4381 9152
4382 9153
4383 9154
4384 9155
4385 9156
4386 9157
4387 9158
4388 9159
4389 9160
4390 9161
4391 9162
4392 9163
4393 9164
4394 9165
4395 9166
4396 9167
4397 9168
4398 9169
4399 9170
4400 9171
4401 9172
4402 9173
4403 9174
4404 9175
4405 9176
4406 9177
4407 9178
4408 9179
4409 9180
4410 9181
4411 9182
4412 9183
4413 9184
4414 9185
4415 9186
4416 9187
4417 9188
4418 9189
4419 9190
4420 9191
4421 9192
4422 9194
4423 9196
4424 9198
4425 9200
4426 9201
4427 9202
4428 9203
4429 9204
4430 9205
4431 9206
4432 9207
4433 9208
4434 9209
4435 9210
4436 9211
4437 9212
4438 9213
4439 9214
4440 9215
4441 9216
4442 9217
4443 9218
4444 9219
4445 9220
4446 9221
4447 9222
4448 9223
4449 9224
4450 9225
4451 9226
4452 9227
4453 9228
4454 9229
4455 9230
4456 9231
4457 9232
4458 9233
4459 9234
4460 9235
4461 9236
4462 9237
4463 9238
4464 9239
4465 9240
4466 9241
4467 9242
4468 9243
4469 9244
4470 9245
4471 9246
4472 9247
4473 9248
4474 9249
4475 9250
4476 9251
4477 9252
4478 9253
4479 9254
4480 9255
4481 9256
4482 9257
4483 9258
4484 9259
4485 9260
4486 9261
4487 9262
4488 9263
4489 9264
4490 9265
4491 9266
4492 9267
4493 9268
4494 9269
4495 9270
4496 9271
4497 9272
4498 9273
4499 9274
4500 9275
4501 9276
4502 9277
4503 9278
4504 9279
4505 9280
4506 9281
4507 9282
4508 9283
4509 9284
4510 9285
4511 9286
4512 9287
4513 9288
4514 9289
4515 9290
4516 9291
4517 9292
4518 9293
4519 9294
4520 9295
4521 9296
4522 9297
4523 9298
4524 9299
4525 9300
4526 9301
4527 9302
4528 9303
4529 9305
4530 9306
4531 9307
4532 9309
4533 9310
4534 9311
4535 9312
4536 9313
4537 9314
4538 9315
4539 9316
4540 9317
4541 9318
4542 9319
4543 9320
4544 9321
4545 9323
4546 9325
4547 9327
4548 9328
4549 9329
4550 9330
4551 9331
4552 9332
4553 9333
4554 9334
4555 9335
4556 9336
4557 9337
4558 9338
4559 9339
4560 9340
4561 9341
4562 9342
4563 9343
4564 9344
4565 9345
4566 9346
4567 9347
4568 9348
4569 9349
4570 9350
4571 9351
4572 9352
4573 9353
4574 9354
4575 9355
4576 9356
4577 9357
4578 9358
4579 9360
4580 9362
4581 9364
4582 9366
4583 9367
4584 9368
4585 9370
4586 9371
4587 9372
4588 9374
4589 9376
4590 9378
4591 9379
4592 9380
4593 9381
4594 9382
4595 9384
4596 9386
4597 9387
4598 9389
4599 9391
4600 9392
4601 9393
4602 9394
4603 9395
4604 9396
4605 9397
4606 9398
4607 9399
4608 9400
4609 9401
4610 9402
4611 9403
4612 9405
4613 9406
4614 9407
4615 9408
4616 9409
4617 9410
4618 9411
4619 9412
4620 9414
4621 9415
4622 9416
4623 9418
4624 9419
4625 9420
4626 9421
4627 9422
4628 9423
4629 9425
4630 9426
4631 9427
4632 9428
4633 9429
4634 9430
4635 9431
4636 9432
4637 9433
4638 9434
4639 9435
4640 9436
4641 9437
4642 9438
4643 9440
4644 9441
4645 9443
4646 9445
4647 9447
4648 9448
4649 9449
4650 9450
4651 9451
4652 9452
4653 9453
4654 9454
4655 9455
4656 9456
4657 9457
4658 9458
4659 9459
4660 9461
4661 9462
4662 9463
4663 9464
4664 9465
4665 9466
4666 9467
4667 9468
4668 9469
4669 9471
4670 9472
4671 9473
4672 9474
4673 9475
4674 9476
4675 9477
4676 9478
4677 9479
4678 9480
4679 9481
4680 9482
4681 9483
4682 9484
4683 9485
4684 9486
4685 9487
4686 9488
4687 9489
4688 9490
4689 9491
4690 9492
4691 9493
4692 9494
4693 9495
4694 9496
4695 9497
4696 9498
4697 9500
4698 9502
4699 9503
4700 9504
4701 9505
4702 9506
4703 9507
4704 9508
4705 9509
4706 9510
4707 9511
4708 9512
4709 9513
4710 9514
4711 9515
4712 9516
4713 9517
4714 9518
4715 9519
4716 9520
4717 9521
4718 9522
4719 9523
4720 9524
4721 9526
4722 9527
4723 9528
4724 9529
4725 9530
4726 9531
4727 9532
4728 9533
4729 9534
4730 9535
4731 9537
4732 9538
4733 9539
4734 9541
4735 9542
4736 9543
4737 9544
4738 9545
4739 9546
4740 9547
4741 9548
4742 9549
4743 9550
4744 9552
4745 9553
4746 9555
4747 9556
4748 9559
4749 9560
4750 9561
4751 9562
4752 9563
4753 9564
4754 9565
4755 9566
4756 9567
4757 9568
4758 9569
4759 9570
4760 9571
4761 9572
4762 9573
4763 9574
4764 9575
4765 9576
4766 9577
4767 9578
4768 9579
4769 9580
4770 9581
4771 9582
4772 9583
4773 9584
4774 9585
4775 9586
4776 9587
4777 9588
4778 9589
4779 9590
4780 9591
4781 9592
4782 9594
4783 9595
4784 9596
4785 9598
4786 9599
4787 9600
4788 9601
4789 9602
4790 9603
4791 9604
4792 9607
4793 9609
4794 9610
4795 9613
4796 9614
4797 9616
4798 9618
4799 9620
4800 9621
4801 9622
4802 9623
4803 9624
4804 9625
4805 9626
4806 9627
4807 9628
4808 9629
4809 9630
4810 9631
4811 9633
4812 9634
4813 9635
4814 9636
4815 9638
4816 9640
4817 9641
4818 9642
4819 9643
4820 9644
4821 9645
4822 9647
4823 9649
4824 9650
4825 9651
4826 9654
4827 9655
4828 9658
4829 9660
4830 9661
4831 9663
4832 9667
4833 9668
4834 9669
4835 9671
4836 9672
4837 9673
4838 9674
4839 9675
4840 9676
4841 9677
4842 9678
4843 9680
4844 9683
4845 9685
4846 9686
4847 9687
4848 9688
4849 9690
4850 9693
4851 9694
4852 9695
4853 9697
4854 9698
4855 9699
4856 9700
4857 9701
4858 9703
4859 9704
4860 9705
4861 9706
4862 9707
4863 9708
4864 9709
4865 9710
4866 9711
4867 9712
4868 9714
4869 9715
4870 9716
4871 9718
4872 9719
4873 9720
4874 9721
4875 9722
4876 9723
4877 9724
4878 9725
4879 9726
4880 9727
4881 9728
4882 9731
4883 9732
4884 9733
4885 9734
4886 9735
4887 9736
4888 9737
4889 9738
4890 9739
4891 9740
4892 9744
4893 9746
4894 9747
4895 9748
4896 9750
4897 9751
4898 9752
4899 9753
4900 9754
4901 9755
4902 9756
4903 9757
4904 9758
4905 9759
4906 9760
4907 9761
4908 9762
4909 9763
4910 9766
4911 9768
4912 9769
4913 9770
4914 9772
4915 9773
4916 9774
4917 9775
4918 9776
4919 9778
4920 9779
4921 9780
4922 9781
4923 9784
4924 9786
4925 9787
4926 9789
4927 9790
4928 9791
4929 9792
4930 9799
4931 9800
4932 9802
4933 9803
4934 9804
4935 9805
4936 9806
4937 9807
4938 9808
4939 9809
4940 9810
4941 9811
4942 9812
4943 9813
4944 9814
4945 9816
4946 9818
4947 9820
4948 9821
4949 9822
4950 9824
4951 9825
4952 9826
4953 9827
4954 9828
4955 9829
4956 9832
4957 9833
4958 9834
4959 9837
4960 9839
4961 9841
4962 9842
4963 9844
4964 9852
4965 9854
4966 9855
4967 9856
4968 9857
4969 9858
4970 9859
4971 9860
4972 9861
4973 9862
4974 9863
4975 9864
4976 9865
4977 9866
4978 9867
4979 9868
4980 9869
4981 9870
4982 9871
4983 9872
4984 9873
4985 9874
4986 9875
4987 9876
4988 9877
4989 9878
4990 9879
4991 9880
4992 9881
4993 9883
4994 9884
4995 9886
4996 9887
4997 9888
4998 9889
4999 9890
5000 9891
5001 9892
5002 9894
5003 9895
5004 9896
5005 9898
5006 9899
5007 9901
5008 9903
5009 9905
5010 9907
5011 9908
5012 9909
5013 9910
5014 9911
5015 9912
5016 9913
5017 9914
5018 9915
5019 9916
5020 9918
5021 9919
5022 9920
5023 9921
5024 9922
5025 9923
5026 9924
5027 9925
5028 9926
5029 9927
5030 9928
5031 9929
5032 9930
5033 9931
5034 9932
5035 9933
5036 9934
5037 9935
5038 9936
5039 9937
5040 9938
5041 9939
5042 9940
5043 9941
5044 9942
5045 9944
5046 9945
5047 9946
5048 9947
5049 9948
5050 9949
5051 9950
5052 9951
5053 9952
5054 9953
5055 9954
5056 9955
5057 9956
5058 9958
5059 9959
5060 9960
5061 9962
5062 9963
5063 9965
5064 9967
5065 9969
5066 9973
5067 9975
5068 9976
5069 9977
5070 9978
5071 9979
5072 9981
5073 9982
5074 9983
5075 9984
5076 9985
5077 9986
5078 9987
5079 9988
5080 9989
5081 9990
5082 9991
5083 9992
5084 9993
5085 9994
5086 9995
5087 9996
5088 9997
5089 9998
5090 9999
5091 10000
5092 10001
5093 10003
5094 10004
5095 10005
5096 10006
5097 10007
5098 10008
5099 10009
5100 10010
5101 10011
5102 10012
5103 10013
5104 10014
5105 10015
5106 10017
5107 10018
5108 10019
5109 10020
5110 10022
5111 10024
5112 10025
5113 10027
5114 10029
5115 10031
5116 10035
5117 10036
5118 10037
5119 10038
5120 10039
5121 10041
5122 10042
5123 10043
5124 10044
5125 10045
5126 10046
5127 10047
5128 10048
5129 10049
5130 10050
5131 10051
5132 10052
5133 10053
5134 10054
5135 10055
5136 10056
5137 10058
5138 10059
5139 10060
5140 10061
5141 10062
5142 10064
5143 10066
5144 10068
5145 10069
5146 10071
5147 10072
5148 10074
5149 10075
5150 10076
5151 10077
5152 10078
5153 10079
5154 10080
5155 10081
5156 10082
5157 10083
5158 10084
5159 10085
5160 10086
5161 10087
5162 10088
5163 10090
5164 10091
5165 10092
5166 10093
5167 10094
5168 10095
5169 10096
5170 10097
5171 10098
5172 10099
5173 10100
5174 10101
5175 10102
5176 10103
5177 10104
5178 10105
5179 10106
5180 10107
5181 10108
5182 10109
5183 10110
5184 10112
5185 10113
5186 10114
5187 10115
5188 10116
5189 10120
5190 10122
5191 10124
5192 10126
5193 10127
5194 10128
5195 10129
5196 10130
5197 10131
5198 10132
5199 10133
5200 10134
5201 10135
5202 10137
5203 10139
5204 10140
5205 10141
5206 10142
5207 10143
5208 10144
5209 10145
5210 10146
5211 10147
5212 10149
5213 10150
5214 10151
5215 10152
5216 10153
5217 10154
5218 10155
5219 10156
5220 10157
5221 10158
5222 10159
5223 10160
5224 10161
5225 10162
5226 10163
5227 10164
5228 10165
5229 10166
5230 10167
5231 10169
5232 10170
5233 10171
5234 10172
5235 10173
5236 10174
5237 10175
5238 10176
5239 10177
5240 10178
5241 10181
5242 10182
5243 10184
5244 10187
5245 10189
5246 10190
5247 10191
5248 10192
5249 10193
5250 10194
5251 10196
5252 10197
5253 10198
5254 10199
5255 10200
5256 10201
5257 10202
5258 10203
5259 10204
5260 10205
5261 10206
5262 10207
5263 10208
5264 10209
5265 10210
5266 10211
5267 10212
5268 10213
5269 10214
5270 10215
5271 10216
5272 10217
5273 10218
5274 10219
5275 10220
5276 10221
5277 10222
5278 10223
5279 10224
5280 10225
5281 10227
5282 10229
5283 10231
5284 10232
5285 10234
5286 10237
5287 10239
5288 10247
5289 10249
5290 10250
5291 10251
5292 10252
5293 10253
5294 10254
5295 10255
5296 10256
5297 10257
5298 10259
5299 10260
5300 10262
5301 10263
5302 10264
5303 10265
5304 10266
5305 10267
5306 10268
5307 10269
5308 10270
5309 10272
5310 10276
5311 10277
5312 10278
5313 10279
5314 10280
5315 10281
5316 10282
5317 10283
5318 10284
5319 10285
5320 10286
5321 10288
5322 10289
5323 10291
5324 10293
5325 10295
5326 10296
5327 10298
5328 10300
5329 10302
5330 10304
5331 10306
5332 10307
5333 10308
5334 10309
5335 10310
5336 10311
5337 10312
5338 10313
5339 10314
5340 10316
5341 10318
5342 10319
5343 10320
5344 10321
5345 10322
5346 10323
5347 10324
5348 10325
5349 10326
5350 10327
5351 10328
5352 10330
5353 10333
5354 10335
5355 10336
5356 10338
5357 10339
5358 10340
5359 10341
5360 10342
5361 10343
5362 10344
5363 10345
5364 10346
5365 10347
5366 10348
5367 10349
5368 10350
5369 10351
5370 10352
5371 10353
5372 10354
5373 10355
5374 10357
5375 10358
5376 10359
5377 10360
5378 10361
5379 10362
5380 10363
5381 10364
5382 10365
5383 10366
5384 10367
5385 10368
5386 10369
5387 10370
5388 10371
5389 10372
5390 10373
5391 10374
5392 10375
5393 10376
5394 10377
5395 10378
5396 10379
5397 10380
5398 10381
5399 10383
5400 10384
5401 10385
5402 10387
5403 10388
5404 10389
5405 10390
5406 10391
5407 10392
5408 10395
5409 10396
5410 10398
5411 10399
5412 10400
5413 10401
5414 10402
5415 10403
5416 10404
5417 10405
5418 10406
5419 10407
5420 10408
5421 10409
5422 10410
5423 10411
5424 10412
5425 10413
5426 10414
5427 10417
5428 10418
5429 10420
5430 10421
5431 10423
5432 10424
5433 10426
5434 10427
5435 10429
5436 10430
5437 10431
5438 10432
5439 10433
5440 10434
5441 10436
5442 10438
5443 10439
5444 10440
5445 10442
5446 10443
5447 10444
5448 10445
5449 10446
5450 10447
5451 10448
5452 10449
5453 10450
5454 10452
5455 10453
5456 10454
5457 10455
5458 10456
5459 10457
5460 10458
5461 10459
5462 10460
5463 10461
5464 10462
5465 10463
5466 10464
5467 10465
5468 10466
5469 10467
5470 10468
5471 10469
5472 10470
5473 10472
5474 10473
5475 10474
5476 10475
5477 10477
5478 10478
5479 10480
5480 10481
5481 10486
5482 10488
5483 10489
5484 10491
5485 10492
5486 10493
5487 10494
5488 10496
5489 10497
5490 10498
5491 10499
5492 10500
5493 10501
5494 10502
5495 10503
5496 10506
5497 10507
5498 10508
5499 10509
5500 10510
5501 10511
5502 10512
5503 10513
5504 10515
5505 10517
5506 10518
5507 10519
5508 10520
5509 10521
5510 10522
5511 10523
5512 10524
5513 10525
5514 10526
5515 10527
5516 10528
5517 10530
5518 10531
5519 10532
5520 10534
5521 10535
5522 10537
5523 10538
5524 10540
5525 10541
5526 10542
5527 10543
5528 10544
5529 10546
5530 10547
5531 10548
5532 10549
5533 10550
5534 10551
5535 10552
5536 10553
5537 10555
5538 10556
5539 10557
5540 10558
5541 10559
5542 10560
5543 10561
5544 10562
5545 10567
5546 10568
5547 10569
5548 10570
5549 10571
5550 10572
5551 10573
5552 10574
5553 10575
5554 10578
5555 10580
5556 10581
5557 10582
5558 10584
5559 10585
5560 10586
5561 10589
5562 10591
5563 10592
5564 10593
5565 10594
5566 10596
5567 10598
5568 10600
5569 10601
5570 10602
5571 10603
5572 10604
5573 10605
5574 10606
5575 10607
5576 10608
5577 10609
5578 10610
5579 10611
5580 10612
5581 10614
5582 10617
5583 10618
5584 10619
5585 10620
5586 10621
5587 10622
5588 10626
5589 10628
5590 10629
5591 10632
5592 10635
5593 10636
5594 10637
5595 10638
5596 10646
5597 10647
5598 10649
5599 10651
5600 10653
5601 10654
5602 10656
5603 10659
5604 10661
5605 10662
5606 10663
5607 10664
5608 10665
5609 10666
5610 10667
5611 10669
5612 10670
5613 10671
5614 10672
5615 10675
5616 10677
5617 10680
5618 10682
5619 10690
5620 10696
5621 10701
5622 10702
5623 10703
5624 10704
5625 10705
5626 10706
5627 10708
5628 10710
5629 10711
5630 10712
5631 10714
5632 10715
5633 10716
5634 10718
5635 10719
5636 10721
5637 10723
5638 10724
5639 10726
5640 10728
5641 10731
5642 10734
5643 10736
5644 10738
5645 10739
5646 10740
5647 10741
5648 10742
5649 10744
5650 10745
5651 10746
5652 10747
5653 10748
5654 10749
5655 10750
5656 10751
5657 10752
5658 10754
5659 10755
5660 10757
5661 10758
5662 10759
5663 10760
5664 10761
5665 10762
5666 10763
5667 10764
5668 10765
5669 10766
5670 10767
5671 10768
5672 10769
5673 10770
5674 10771
5675 10772
5676 10773
5677 10774
5678 10775
5679 10776
5680 10777
5681 10778
5682 10780
5683 10781
5684 10782
5685 10783
5686 10785
5687 10786
5688 10787
5689 10788
5690 10789
5691 10790
5692 10791
5693 10792
5694 10793
5695 10794
5696 10795
5697 10796
5698 10797
5699 10798
5700 10799
5701 10800
5702 10801
5703 10802
5704 10803
5705 10804
5706 10805
5707 10806
5708 10807
5709 10808
5710 10809
5711 10810
5712 10811
5713 10812
5714 10813
5715 10814
5716 10815
5717 10816
5718 10817
5719 10818
5720 10819
5721 10820
5722 10821
5723 10822
5724 10823
5725 10824
5726 10825
5727 10826
5728 10827
5729 10828
5730 10829
5731 10830
5732 10831
5733 10832
5734 10833
5735 10834
5736 10835
5737 10836
5738 10837
5739 10838
5740 10839
5741 10840
5742 10841
5743 10843
5744 10844
5745 10845
5746 10847
5747 10848
5748 10849
5749 10850
5750 10851
5751 10852
5752 10853
5753 10854
5754 10855
5755 10857
5756 10858
5757 10859
5758 10860
5759 10861
5760 10862
5761 10863
5762 10864
5763 10865
5764 10866
5765 10868
5766 10869
5767 10870
5768 10871
5769 10872
5770 10873
5771 10874
5772 10875
5773 10876
5774 10877
5775 10878
5776 10879
5777 10880
5778 10881
5779 10882
5780 10883
5781 10884
5782 10885
5783 10886
5784 10887
5785 10888
5786 10889
5787 10890
5788 10891
5789 10892
5790 10893
5791 10894
5792 10895
5793 10897
5794 10898
5795 10899
5796 10901
5797 10902
5798 10903
5799 10904
5800 10905
5801 10906
5802 10907
5803 10908
5804 10909
5805 10910
5806 10912
5807 10913
5808 10914
5809 10915
5810 10916
5811 10917
5812 10918
5813 10919
5814 10920
5815 10922
5816 10923
5817 10924
5818 10925
5819 10926
5820 10927
5821 10928
5822 10929
5823 10930
5824 10931
5825 10932
5826 10933
5827 10934
5828 10935
5829 10936
5830 10937
5831 10938
5832 10939
5833 10940
5834 10941
5835 10942
5836 10943
5837 10944
5838 10945
5839 10946
5840 10947
5841 10948
5842 10949
5843 10950
5844 10951
5845 10952
5846 10953
5847 10954
5848 10955
5849 10956
5850 10957
5851 10958
5852 10959
5853 10960
5854 10961
5855 10962
5856 10963
5857 10964
5858 10965
5859 10966
5860 10967
5861 10968
5862 10969
5863 10970
5864 10971
5865 10972
5866 10973
5867 10974
5868 10975
5869 10976
5870 10977
5871 10978
5872 10979
5873 10980
5874 10981
5875 10982
5876 10983
5877 10984
5878 10985
5879 10986
5880 10987
5881 10988
5882 10989
5883 10990
5884 10992
5885 10993
5886 10994
5887 10995
5888 10996
5889 10997
5890 10998
5891 10999
5892 11000
5893 11001
5894 11002
5895 11003
5896 11004
5897 11005
5898 11006
5899 11007
5900 11008
5901 11009
5902 11010
5903 11011
5904 11012
5905 11013
5906 11014
5907 11015
5908 11016
5909 11017
5910 11018
5911 11020
5912 11022
5913 11023
5914 11024
5915 11025
5916 11026
5917 11027
5918 11028
5919 11029
5920 11030
5921 11031
5922 11032
5923 11033
5924 11034
5925 11035
5926 11036
5927 11037
5928 11038
5929 11039
5930 11041
5931 11043
5932 11044
5933 11045
5934 11046
5935 11049
5936 11050
5937 11051
5938 11052
5939 11053
5940 11054
5941 11055
5942 11056
5943 11057
5944 11058
5945 11063
5946 11065
5947 11067
5948 11069
5949 11070
5950 11072
5951 11074
5952 11075
5953 11078
5954 11079
5955 11080
5956 11081
5957 11085
5958 11086
5959 11087
5960 11088
5961 11089
5962 11090
5963 11091
5964 11092
5965 11093
5966 11094
5967 11095
5968 11096
5969 11106
5970 11108
5971 11110
5972 11113
5973 11115
5974 11116
5975 11118
5976 11119
5977 11121
5978 11122
5979 11123
5980 11124
5981 11125
5982 11127
5983 11129
5984 11130
5985 11134
5986 11135
5987 11137
5988 11140
5989 11141
5990 11142
5991 11144
5992 11145
5993 11147
5994 11149
5995 11150
5996 11152
5997 11154
5998 11155
5999 11156
6000 11157
6001 11158
6002 11159
6003 11161
6004 11162
6005 11165
6006 11166
6007 11167
6008 11169
6009 11170
6010 11171
6011 11172
6012 11173
6013 11176
6014 11177
6015 11179
6016 11181
6017 11183
6018 11185
6019 11187
6020 11191
6021 11193
6022 11194
6023 11196
6024 11197
6025 11198
6026 11200
6027 11202
6028 11204
6029 11205
6030 11207
6031 11209
6032 11210
6033 11212
6034 11214
6035 11215
6036 11217
6037 11219
6038 11223
6039 11226
6040 11228
6041 11231
6042 11232
6043 11234
6044 11236
6045 11239
6046 11240
6047 11242
6048 11243
6049 11246
6050 11247
6051 11248
6052 11250
6053 11251
6054 11252
6055 11253
6056 11254
6057 11255
6058 11257
6059 11258
6060 11260
6061 11261
6062 11262
6063 11263
6064 11264
6065 11266
6066 11267
6067 11268
6068 11269
6069 11271
6070 11272
6071 11273
6072 11274
6073 11276
6074 11277
6075 11279
6076 11280
6077 11281
6078 11282
6079 11283
6080 11284
6081 11286
6082 11288
6083 11289
6084 11291
6085 11292
6086 11294
6087 11296
6088 11297
6089 11298
6090 11300
6091 11301
6092 11302
6093 11304
6094 11305
6095 11306
6096 11307
6097 11308
6098 11309
6099 11310
6100 11311
6101 11312
6102 11313
6103 11314
6104 11316
6105 11317
6106 11318
6107 11319
6108 11320
6109 11321
6110 11322
6111 11323
6112 11324
6113 11325
6114 11326
6115 11327
6116 11328
6117 11330
6118 11331
6119 11332
6120 11334
6121 11335
6122 11336
6123 11339
6124 11340
6125 11342
6126 11343
6127 11344
6128 11345
6129 11346
6130 11347
6131 11348
6132 11349
6133 11350
6134 11351
6135 11352
6136 11353
6137 11354
6138 11355
6139 11356
6140 11357
6141 11358
6142 11359
6143 11360
6144 11361
6145 11362
6146 11363
6147 11364
6148 11365
6149 11366
6150 11367
6151 11368
6152 11369
6153 11370
6154 11371
6155 11372
6156 11373
6157 11375
6158 11381
6159 11382
6160 11383
6161 11384
6162 11385
6163 11386
6164 11387
6165 11388
6166 11389
6167 11390
6168 11391
6169 11392
6170 11393
6171 11394
6172 11395
6173 11396
6174 11397
6175 11398
6176 11399
6177 11400
6178 11401
6179 11402
6180 11403
6181 11404
6182 11405
6183 11406
6184 11407
6185 11409
6186 11410
6187 11412
6188 11414
6189 11416
6190 11417
6191 11418
6192 11419
6193 11420
6194 11421
6195 11422
6196 11423
6197 11424
6198 11425
6199 11426
6200 11427
6201 11428
6202 11429
6203 11430
6204 11431
6205 11432
6206 11433
6207 11434
6208 11435
6209 11436
6210 11437
6211 11438
6212 11439
6213 11440
6214 11441
6215 11442
6216 11443
6217 11444
6218 11445
6219 11446
6220 11447
6221 11448
6222 11449
6223 11450
6224 11452
6225 11453
6226 11454
6227 11455
6228 11456
6229 11457
6230 11458
6231 11459
6232 11460
6233 11461
6234 11462
6235 11463
6236 11464
6237 11465
6238 11466
6239 11469
6240 11471
6241 11473
6242 11475
6243 11477
6244 11478
6245 11479
6246 11481
6247 11482
6248 11484
6249 11485
6250 11488
6251 11489
6252 11490
6253 11491
6254 11494
6255 11495
6256 11497
6257 11499
6258 11500
6259 11501
6260 11502
6261 11503
6262 11507
6263 11509
6264 11513
6265 11514
6266 11515
6267 11516
6268 11518
6269 11521
6270 11525
6271 11526
6272 11528
6273 11533
6274 11535
6275 11536
6276 11537
6277 11538
6278 11539
6279 11540
6280 11542
6281 11543
6282 11544
6283 11545
6284 11546
6285 11547
6286 11548
6287 11549
6288 11550
6289 11551
6290 11552
6291 11553
6292 11554
6293 11555
6294 11556
6295 11557
6296 11558
6297 11559
6298 11560
6299 11561
6300 11564
6301 11565
6302 11566
6303 11567
6304 11568
6305 11569
6306 11570
6307 11571
6308 11574
6309 11575
6310 11577
6311 11578
6312 11579
6313 11580
6314 11581
6315 11582
6316 11584
6317 11585
6318 11587
6319 11588
6320 11589
6321 11590
6322 11591
6323 11592
6324 11593
6325 11595
6326 11596
6327 11597
6328 11598
6329 11599
6330 11600
6331 11601
6332 11602
6333 11603
6334 11604
6335 11605
6336 11606
6337 11607
6338 11608
6339 11609
6340 11610
6341 11611
6342 11612
6343 11613
6344 11614
6345 11616
6346 11617
6347 11618
6348 11619
6349 11620
6350 11621
6351 11622
6352 11623
6353 11624
6354 11625
6355 11626
6356 11627
6357 11629
6358 11631
6359 11632
6360 11633
6361 11634
6362 11635
6363 11636
6364 11638
6365 11639
6366 11640
6367 11641
6368 11642
6369 11643
6370 11644
6371 11645
6372 11646
6373 11647
6374 11648
6375 11649
6376 11650
6377 11651
6378 11652
6379 11653
6380 11654
6381 11655
6382 11656
6383 11657
6384 11658
6385 11659
6386 11660
6387 11661
6388 11662
6389 11663
6390 11664
6391 11665
6392 11666
6393 11667
6394 11668
6395 11669
6396 11670
6397 11671
6398 11672
6399 11673
6400 11674
6401 11675
6402 11676
6403 11680
6404 11681
6405 11682
6406 11683
6407 11684
6408 11685
6409 11686
6410 11687
6411 11688
6412 11689
6413 11690
6414 11691
6415 11692
6416 11693
6417 11696
6418 11697
6419 11698
6420 11699
6421 11700
6422 11701
6423 11702
6424 11705
6425 11707
6426 11709
6427 11710
6428 11711
6429 11712
6430 11713
6431 11714
6432 11715
6433 11717
6434 11718
6435 11720
6436 11721
6437 11722
6438 11724
6439 11725
6440 11726
6441 11727
6442 11728
6443 11730
6444 11731
6445 11732
6446 11733
6447 11734
6448 11735
6449 11737
6450 11738
6451 11739
6452 11740
6453 11741
6454 11742
6455 11743
6456 11744
6457 11745
6458 11746
6459 11748
6460 11750
6461 11751
6462 11752
6463 11753
6464 11754
6465 11755
6466 11756
6467 11757
6468 11758
6469 11759
6470 11760
6471 11761
6472 11762
6473 11763
6474 11764
6475 11766
6476 11767
6477 11768
6478 11769
6479 11771
6480 11772
6481 11773
6482 11777
6483 11781
6484 11782
6485 11783
6486 11784
6487 11787
6488 11788
6489 11790
6490 11792
6491 11793
6492 11794
6493 11796
6494 11797
6495 11798
6496 11799
6497 11800
6498 11802
6499 11803
6500 11804
6501 11805
6502 11806
6503 11808
6504 11809
6505 11810
6506 11811
6507 11812
6508 11813
6509 11814
6510 11815
6511 11816
6512 11817
6513 11818
6514 11819
6515 11820
6516 11821
6517 11822
6518 11823
6519 11824
6520 11826
6521 11827
6522 11828
6523 11829
6524 11830
6525 11831
6526 11832
6527 11833
6528 11834
6529 11836
6530 11837
6531 11839
6532 11841
6533 11842
6534 11843
6535 11848
6536 11852
6537 11853
6538 11854
6539 11855
6540 11859
6541 11861
6542 11862
6543 11864
6544 11865
6545 11866
6546 11867
6547 11868
6548 11869
6549 11870
6550 11871
6551 11872
6552 11873
6553 11874
6554 11875
6555 11876
6556 11877
6557 11878
6558 11879
6559 11880
6560 11881
6561 11882
6562 11883
6563 11884
6564 11885
6565 11886
6566 11888
6567 11889
6568 11890
6569 11891
6570 11892
6571 11893
6572 11894
6573 11895
6574 11897
6575 11898
6576 11900
6577 11901
6578 11902
6579 11904
6580 11905
6581 11910
6582 11912
6583 11913
6584 11914
6585 11916
6586 11918
6587 11919
6588 11922
6589 11923
6590 11924
6591 11926
6592 11927
6593 11928
6594 11930
6595 11931
6596 11932
6597 11936
6598 11937
6599 11938
6600 11939
6601 11940
6602 11941
6603 11942
6604 11943
6605 11944
6606 11945
6607 11946
6608 11948
6609 11950
6610 11951
6611 11952
6612 11953
6613 11954
6614 11955
6615 11956
6616 11957
6617 11958
6618 11959
6619 11960
6620 11961
6621 11963
6622 11964
6623 11965
6624 11968
6625 11969
6626 11971
6627 11972
6628 11973
6629 11974
6630 11975
6631 11976
6632 11977
6633 11978
6634 11979
6635 11981
6636 11982
6637 11983
6638 11984
6639 11986
6640 11987
6641 11988
6642 11989
6643 11991
6644 11992
6645 11993
6646 11994
6647 11995
6648 11996
6649 11998
6650 11999
6651 12000
6652 12001
6653 12003
6654 12005
6655 12006
6656 12008
6657 12009
6658 12010
6659 12011
6660 12012
6661 12013
6662 12014
6663 12015
6664 12017
6665 12018
6666 12019
6667 12020
6668 12022
6669 12024
6670 12025
6671 12026
6672 12027
6673 12028
6674 12029
6675 12030
6676 12031
6677 12032
6678 12033
6679 12034
6680 12035
6681 12036
6682 12037
6683 12038
6684 12040
6685 12041
6686 12042
6687 12044
6688 12045
6689 12046
6690 12047
6691 12048
6692 12049
6693 12050
6694 12051
6695 12052
6696 12053
6697 12054
6698 12055
6699 12056
6700 12057
6701 12059
6702 12061
6703 12062
6704 12063
6705 12064
6706 12065
6707 12066
6708 12067
6709 12068
6710 12069
6711 12070
6712 12072
6713 12073
6714 12074
6715 12075
6716 12076
6717 12077
6718 12078
6719 12079
6720 12080
6721 12081
6722 12083
6723 12084
6724 12085
6725 12086
6726 12087
6727 12088
6728 12089
6729 12090
6730 12091
6731 12092
6732 12093
6733 12095
6734 12096
6735 12097
6736 12098
6737 12099
6738 12100
6739 12101
6740 12102
6741 12103
6742 12104
6743 12105
6744 12106
6745 12108
6746 12109
6747 12110
6748 12111
6749 12112
6750 12113
6751 12114
6752 12115
6753 12117
6754 12118
6755 12119
6756 12120
6757 12121
6758 12122
6759 12123
6760 12124
6761 12125
6762 12127
6763 12128
6764 12132
6765 12134
6766 12135
6767 12136
6768 12137
6769 12138
6770 12139
6771 12140
6772 12141
6773 12142
6774 12143
6775 12145
6776 12146
6777 12147
6778 12148
6779 12149
6780 12150
6781 12151
6782 12152
6783 12153
6784 12154
6785 12155
6786 12157
6787 12158
6788 12159
6789 12160
6790 12161
6791 12162
6792 12163
6793 12164
6794 12165
6795 12166
6796 12167
6797 12168
6798 12170
6799 12171
6800 12173
6801 12175
6802 12176
6803 12178
6804 12179
6805 12183
6806 12184
6807 12186
6808 12187
6809 12188
6810 12189
6811 12191
6812 12193
6813 12194
6814 12196
6815 12197
6816 12198
6817 12200
6818 12203
6819 12204
6820 12206
6821 12207
6822 12209
6823 12210
6824 12211
6825 12212
6826 12213
6827 12215
6828 12218
6829 12219
6830 12220
6831 12221
6832 12222
6833 12223
6834 12224
6835 12225
6836 12226
6837 12227
6838 12228
6839 12229
6840 12230
6841 12231
6842 12232
6843 12233
6844 12234
6845 12237
6846 12238
6847 12239
6848 12242
6849 12244
6850 12245
6851 12246
6852 12248
6853 12252
6854 12253
6855 12254
6856 12255
6857 12257
6858 12258
6859 12260
6860 12263
6861 12264
6862 12265
6863 12266
6864 12267
6865 12269
6866 12270
6867 12272
6868 12273
6869 12277
6870 12278
6871 12279
6872 12280
6873 12281
6874 12285
6875 12286
6876 12288
6877 12289
6878 12290
6879 12291
6880 12292
6881 12294
6882 12296
6883 12297
6884 12299
6885 12300
6886 12302
6887 12303
6888 12304
