1 2013
2 2014
3 2015
4 2016
5 2020
6 2024
7 2029
8 2030
9 2031
10 2032
11 2033
12 2034
13 2035
14 2075
15 2076
16 2077
17 2078
18 2079
19 2080
20 2093
21 2094
22 2095
23 2096
24 2097
25 2098
26 2104
27 2105
28 2106
29 2107
30 2109
31 2110
32 2111
33 2112
34 2113
35 2114
36 2115
37 2116
38 2117
39 2119
40 2120
41 2121
42 2122
43 2123
44 2124
45 2125
46 2126
47 2127
48 2128
49 2129
50 2130
51 2131
52 2132
53 2133
54 2134
55 2135
56 2136
57 2137
58 2138
59 2139
60 2140
61 2141
62 2142
63 2143
64 2144
65 2145
66 2146
67 2147
68 2149
69 2151
70 2152
71 2154
72 2155
73 2156
74 2157
75 2158
76 2159
77 2161
78 2162
79 2163
80 2164
81 2165
82 2166
83 2168
84 2169
85 2171
86 2172
87 2173
88 2174
89 2175
90 2176
91 2177
92 2178
93 2182
94 2183
95 2184
96 2194
97 2195
98 2196
99 2197
100 2198
101 2200
102 2202
103 2203
104 2207
105 2208
106 2209
107 2210
108 2212
109 2213
110 2214
111 2216
112 2217
113 2219
114 2220
115 2221
116 2223
117 2224
118 2226
119 2227
120 2237
121 2238
122 2239
123 2240
124 2241
125 2243
126 2244
127 2245
128 2246
129 2247
130 2248
131 2249
132 2251
133 2252
134 2253
135 2254
136 2255
137 2256
138 2257
139 2258
140 2259
141 2260
142 2261
143 2262
144 2263
145 2264
146 2265
147 2266
148 2267
149 2268
150 2269
151 2270
152 2271
153 2272
154 2273
155 2274
156 2275
157 2280
158 2281
159 2282
160 2283
161 2285
162 2287
163 2288
164 2289
165 2293
166 2294
167 2295
168 2296
169 2297
170 2298
171 2299
172 2300
173 2301
174 2302
175 2303
176 2304
177 2306
178 2307
179 2308
180 2309
181 2310
182 2311
183 2313
184 2314
185 2315
186 2316
187 2318
188 2321
189 2322
190 2323
191 2324
192 2325
193 2326
194 2329
195 2331
196 2365
197 2371
198 2372
199 2373
200 2374
201 2375
202 2376
203 2377
204 2378
205 2379
206 2380
207 2381
208 2386
209 2387
210 2388
211 2389
212 2390
213 2391
214 2392
215 2393
216 2394
217 2395
218 2396
219 2397
220 2398
221 2399
222 2400
223 2401
224 2402
225 2404
226 2405
227 2406
228 2407
229 2408
230 2410
231 2412
232 2413
233 2418
234 2419
235 2420
236 2421
237 2422
238 2423
239 2424
240 2425
241 2426
242 2427
243 2428
244 2429
245 2430
246 2431
247 2438
248 2445
249 2446
250 2448
251 2449
252 2452
253 2456
254 2461
255 2468
256 2469
257 2472
258 2475
259 2477
260 2478
261 2479
262 2480
263 2482
264 2485
265 2486
266 2488
267 2496
268 2499
269 2500
270 2502
271 2507
272 2510
273 2511
274 2515
275 2516
276 2517
277 2518
278 2519
279 2520
280 2521
281 2523
282 2524
283 2525
284 2526
285 2530
286 2531
287 2532
288 2534
289 2535
290 2539
291 2540
292 2541
293 2542
294 2543
295 2544
296 2547
297 2548
298 2549
299 2550
300 2551
301 2552
302 2553
303 2554
304 2555
305 2556
306 2557
307 2558
308 2559
309 2560
310 2561
311 2582
312 2585
313 2586
314 2587
315 2588
316 2589
317 2590
318 2591
319 2592
320 2593
321 2594
322 2595
323 2596
324 2600
325 2601
326 2603
327 2605
328 2606
329 2607
330 2608
331 2612
332 2613
333 2614
334 2615
335 2616
336 2617
337 2618
338 2619
339 2620
340 2622
341 2623
342 2624
343 2625
344 2626
345 2627
346 2628
347 2629
348 2630
349 2635
350 2636
351 2637
352 2638
353 2639
354 2640
355 2641
356 2642
357 2643
358 2644
359 2645
360 2646
361 2647
362 2648
363 2649
364 2652
365 2694
366 2696
367 2697
368 2699
369 2700
370 2701
371 2702
372 2703
373 2704
374 2705
375 2706
376 2707
377 2708
378 2709
379 2710
380 2711
381 2712
382 2713
383 2714
384 2715
385 2716
386 2717
387 2718
388 2719
389 2720
390 2721
391 2722
392 2723
393 2724
394 2725
395 2726
396 2727
397 2728
398 2729
399 2730
400 2731
401 2732
402 2733
403 2734
404 2735
405 2736
406 2737
407 2738
408 2739
409 2740
410 2741
411 2742
412 2743
413 2744
414 2745
415 2746
416 2747
417 2748
418 2749
419 2750
420 2751
421 2755
422 2756
423 2757
424 2758
425 2759
426 2762
427 2763
428 2764
429 2765
430 2766
431 2767
432 2768
433 2769
434 2770
435 2771
436 2772
437 2775
438 2776
439 2777
440 2778
441 2779
442 2780
443 2781
444 2789
445 2792
446 2793
447 2796
448 2797
449 2798
450 2799
451 2800
452 2801
453 2802
454 2805
455 2806
456 2807
457 2808
458 2809
459 2815
460 2816
461 2817
462 2818
463 2819
464 2820
465 2821
466 2823
467 2824
468 2825
469 2826
470 2827
471 2828
472 2829
473 2832
474 2838
475 2841
476 2842
477 2844
478 2845
479 2846
480 2847
481 2849
482 2850
483 2851
484 2852
485 2854
486 2856
487 2857
488 2858
489 2859
490 2860
491 2862
492 2863
493 2864
494 2865
495 2866
496 2875
497 2885
498 2893
499 2894
500 2903
501 2904
502 2905
503 2906
504 2908
505 2910
506 2911
507 2947
508 2948
509 2949
510 2950
511 2951
512 2952
513 2953
514 2954
515 2955
516 2956
517 2957
518 2958
519 2959
520 2960
521 2961
522 2962
523 2963
524 2965
525 2966
526 2967
527 2969
528 2970
529 2976
530 2977
531 2978
532 2979
533 2980
534 2981
535 2983
536 2993
537 2994
538 2995
539 2996
540 2997
541 2998
542 2999
543 3002
544 3004
545 3005
546 3006
547 3007
548 3008
549 3009
550 3011
551 3012
552 3013
553 3014
554 3016
555 3017
556 3018
557 3019
558 3020
559 3021
560 3022
561 3026
562 3027
563 3028
564 3029
565 3030
566 3031
567 3032
568 3033
569 3034
570 3038
571 3039
572 3040
573 3041
574 3042
575 3043
576 3044
577 3045
578 3046
579 3047
580 3048
581 3049
582 3050
583 3051
584 3052
585 3053
586 3055
587 3056
588 3057
589 3058
590 3059
591 3060
592 3062
593 3063
594 3064
595 3065
596 3066
597 3067
598 3068
599 3069
600 3070
601 3071
602 3080
603 3083
604 3084
605 3085
606 3086
607 3087
608 3088
609 3089
610 3090
611 3091
612 3092
613 3093
614 3094
615 3095
616 3096
617 3097
618 3098
619 3099
620 3100
621 3101
622 3102
623 3103
624 3104
625 3105
626 3106
627 3107
628 3108
629 3109
630 3110
631 3111
632 3112
633 3113
634 3114
635 3115
636 3116
637 3117
638 3118
639 3119
640 3121
641 3122
642 3124
643 3125
644 3126
645 3127
646 3132
647 3133
648 3134
649 3135
650 3136
651 3142
652 3143
653 3144
654 3146
655 3148
656 3167
657 3168
658 3169
659 3170
660 3171
661 3172
662 3173
663 3175
664 3176
665 3177
666 3178
667 3179
668 3180
669 3183
670 3184
671 3185
672 3186
673 3187
674 3188
675 3189
676 3190
677 3191
678 3192
679 3193
680 3194
681 3195
682 3196
683 3197
684 3198
685 3199
686 3200
687 3201
688 3202
689 3203
690 3204
691 3205
692 3206
693 3207
694 3208
695 3209
696 3217
697 3218
698 3219
699 3222
700 3224
701 3225
702 3226
703 3227
704 3228
705 3230
706 3231
707 3232
708 3233
709 3235
710 3236
711 3237
712 3238
713 3239
714 3240
715 3242
716 3243
717 3244
718 3245
719 3246
720 3247
721 3248
722 3249
723 3250
724 3251
725 3254
726 3256
727 3257
728 3259
729 3260
730 3261
731 3262
732 3263
733 3264
734 3265
735 3266
736 3267
737 3268
738 3269
739 3273
740 3274
741 3275
742 3276
743 3277
744 3278
745 3279
746 3280
747 3281
748 3282
749 3283
750 3284
751 3285
752 3286
753 3287
754 3288
755 3289
756 3290
757 3291
758 3292
759 3293
760 3294
761 3295
762 3296
763 3297
764 3298
765 3299
766 3300
767 3301
768 3302
769 3303
770 3304
771 3305
772 3306
773 3307
774 3308
775 3309
776 3310
777 3311
778 3312
779 3313
780 3314
781 3315
782 3316
783 3317
784 3318
785 3319
786 3320
787 3321
788 3322
789 3323
790 3324
791 3325
792 3326
793 3327
794 3328
795 3329
796 3330
797 3331
798 3332
799 3333
800 3334
801 3335
802 3336
803 3337
804 3338
805 3339
806 3340
807 3341
808 3342
809 3343
810 3344
811 3345
812 3346
813 3347
814 3348
815 3349
816 3350
817 3351
818 3352
819 3353
820 3354
821 3355
822 3356
823 3357
824 3358
825 3359
826 3360
827 3362
828 3363
829 3364
830 3366
831 3367
832 3370
833 3371
834 3372
835 3373
836 3374
837 3375
838 3376
839 3377
840 3378
841 3379
842 3380
843 3381
844 3382
845 3384
846 3385
847 3386
848 3387
849 3388
850 3389
851 3390
852 3391
853 3392
854 3393
855 3394
856 3395
857 3396
858 3397
859 3398
860 3399
861 3400
862 3401
863 3402
864 3403
865 3404
866 3405
867 3406
868 3407
869 3408
870 3409
871 3410
872 3411
873 3412
874 3413
875 3414
876 3415
877 3416
878 3417
879 3418
880 3419
881 3420
882 3421
883 3422
884 3423
885 3424
886 3425
887 3426
888 3427
889 3428
890 3429
891 3430
892 3431
893 3432
894 3433
895 3434
896 3435
897 3436
898 3437
899 3438
900 3439
901 3440
902 3441
903 3442
904 3443
905 3444
906 3445
907 3446
908 3447
909 3448
910 3449
911 3450
912 3451
913 3452
914 3453
915 3454
916 3455
917 3456
918 3457
919 3458
920 3459
921 3460
922 3461
923 3462
924 3463
925 3464
926 3465
927 3466
928 3467
929 3468
930 3469
931 3470
932 3471
933 3472
934 3473
935 3474
936 3475
937 3476
938 3477
939 3481
940 3482
941 3483
942 3484
943 3486
944 3487
945 3488
946 3489
947 3490
948 3491
949 3493
950 3494
951 3495
952 3496
953 3498
954 3499
955 3500
956 3501
957 3502
958 3503
959 3504
960 3505
961 3506
962 3509
963 3510
964 3514
965 3515
966 3516
967 3517
968 3519
969 3520
970 3521
971 3522
972 3523
973 3524
974 3525
975 3526
976 3527
977 3528
978 3529
979 3530
980 3531
981 3532
982 3534
983 3535
984 3537
985 3538
986 3539
987 3540
988 3541
989 3543
990 3544
991 3545
992 3546
993 3547
994 3548
995 3549
996 3550
997 3551
998 3552
999 3553
1000 3554
1001 3555
1002 3556
1003 3559
1004 3560
1005 3561
1006 3562
1007 3563
1008 3564
1009 3565
1010 3566
1011 3567
1012 3574
1013 3575
1014 3576
1015 3577
1016 3578
1017 3579
1018 3580
1019 3581
1020 3582
1021 3583
1022 3584
1023 3588
1024 3589
1025 3590
1026 3593
1027 3594
1028 3595
1029 3596
1030 3597
1031 3598
1032 3599
1033 3600
1034 3601
1035 3602
1036 3603
1037 3604
1038 3605
1039 3606
1040 3607
1041 3608
1042 3610
1043 3611
1044 3612
1045 3613
1046 3614
1047 3616
1048 3617
1049 3618
1050 3621
1051 3622
1052 3623
1053 3625
1054 3629
1055 3630
1056 3633
1057 3634
1058 3635
1059 3636
1060 3637
1061 3638
1062 3639
1063 3640
1064 3641
1065 3642
1066 3643
1067 3644
1068 3645
1069 3647
1070 3649
1071 3650
1072 3651
1073 3654
1074 3657
1075 3659
1076 3660
1077 3661
1078 3662
1079 3663
1080 3664
1081 3665
1082 3666
1083 3667
1084 3668
1085 3669
1086 3670
1087 3672
1088 3673
1089 3674
1090 3675
1091 3676
1092 3678
1093 3679
1094 3680
1095 3681
1096 3682
1097 3683
1098 3684
1099 3685
1100 3686
1101 3687
1102 3688
1103 3689
1104 3690
1105 3691
1106 3692
1107 3693
1108 3694
1109 3695
1110 3696
1111 3697
1112 3698
1113 3699
1114 3700
1115 3701
1116 3702
1117 3703
1118 3704
1119 3705
1120 3706
1121 3707
1122 3708
1123 3709
1124 3710
1125 3711
1126 3712
1127 3715
1128 3717
1129 3718
1130 3719
1131 3720
1132 3721
1133 3722
1134 3723
1135 3724
1136 3725
1137 3726
1138 3727
1139 3728
1140 3729
1141 3730
1142 3731
1143 3732
1144 3733
1145 3734
1146 3735
1147 3736
1148 3737
1149 3738
1150 3739
1151 3740
1152 3741
1153 3742
1154 3743
1155 3744
1156 3745
1157 3746
1158 3747
1159 3748
1160 3749
1161 3750
1162 3751
1163 3752
1164 3753
1165 3754
1166 3755
1167 3756
1168 3757
1169 3758
1170 3759
1171 3760
1172 3761
1173 3762
1174 3763
1175 3764
1176 3765
1177 3766
1178 3767
1179 3768
1180 3769
1181 3770
1182 3771
1183 3772
1184 3773
1185 3774
1186 3775
1187 3776
1188 3777
1189 3778
1190 3779
1191 3780
1192 3781
1193 3782
1194 3783
1195 3784
1196 3785
1197 3786
1198 3787
1199 3788
1200 3789
1201 3790
1202 3791
1203 3792
1204 3794
1205 3795
1206 3796
1207 3797
1208 3798
1209 3799
1210 3800
1211 3801
1212 3802
1213 3803
1214 3804
1215 3805
1216 3807
1217 3810
1218 3811
1219 3812
1220 3813
1221 3814
1222 3815
1223 3816
1224 3817
1225 3818
1226 3819
1227 3820
1228 3821
1229 3822
1230 3823
1231 3824
1232 3825
1233 3826
1234 3827
1235 3828
1236 3829
1237 3830
1238 3831
1239 3833
1240 3834
1241 3835
1242 3836
1243 3837
1244 3838
1245 3839
1246 3840
1247 3841
1248 3842
1249 3843
1250 3844
1251 3845
1252 3846
1253 3847
1254 3848
1255 3849
1256 3850
1257 3851
1258 3852
1259 3853
1260 3854
1261 3855
1262 3856
1263 3857
1264 3858
1265 3859
1266 3860
1267 3861
1268 3862
1269 3863
1270 3864
1271 3865
1272 3866
1273 3867
1274 3868
1275 3869
1276 3870
1277 3871
1278 3872
1279 3873
1280 3874
1281 3875
1282 3878
1283 3879
1284 3880
1285 3881
1286 3882
1287 3883
1288 3884
1289 3885
1290 3886
1291 3887
1292 3888
1293 3889
1294 3890
1295 3891
1296 3892
1297 3893
1298 3894
1299 3895
1300 3896
1301 3897
1302 3898
1303 3899
1304 3900
1305 3901
1306 3902
1307 3903
1308 3904
1309 3905
1310 3908
1311 3909
1312 3910
1313 3912
1314 3913
1315 3914
1316 3915
1317 3916
1318 3919
1319 3920
1320 3921
1321 3922
1322 3923
1323 3924
1324 3925
1325 3926
1326 3927
1327 3928
1328 3929
1329 3930
1330 3931
1331 3932
1332 3933
1333 3934
1334 3935
1335 3936
1336 3937
1337 3939
1338 3940
1339 3941
1340 3942
1341 3943
1342 3944
1343 3945
1344 3946
1345 3947
1346 3948
1347 3949
1348 3950
1349 3951
1350 3952
1351 3953
1352 3954
1353 3955
1354 3956
1355 3957
1356 3958
1357 3959
1358 3960
1359 3961
1360 3962
1361 3963
1362 3964
1363 3965
1364 3966
1365 3967
1366 3968
1367 3969
1368 3970
1369 3971
1370 3972
1371 3973
1372 3974
1373 3975
1374 3977
1375 3980
1376 3981
1377 3982
1378 3983
1379 3984
1380 3985
1381 3986
1382 3987
1383 3988
1384 3989
1385 3990
1386 3991
1387 3992
1388 3993
1389 3994
1390 3998
1391 3999
1392 4000
1393 4001
1394 4002
1395 4003
1396 4004
1397 4005
1398 4006
1399 4007
1400 4008
1401 4009
1402 4010
1403 4011
1404 4012
1405 4013
1406 4014
1407 4015
1408 4016
1409 4017
1410 4018
1411 4019
1412 4020
1413 4021
1414 4022
1415 4023
1416 4024
1417 4025
1418 4026
1419 4027
1420 4028
1421 4029
1422 4030
1423 4031
1424 4032
1425 4033
1426 4034
1427 4035
1428 4039
1429 4040
1430 4041
1431 4042
1432 4043
1433 4045
1434 4048
1435 4049
1436 4050
1437 4051
1438 4052
1439 4053
1440 4054
1441 4055
1442 4056
1443 4057
1444 4058
1445 4059
1446 4060
1447 4061
1448 4062
1449 4063
1450 4064
1451 4065
1452 4066
1453 4067
1454 4068
1455 4069
1456 4070
1457 4071
1458 4072
1459 4073
1460 4074
1461 4075
1462 4076
1463 4077
1464 4078
1465 4079
1466 4080
1467 4081
1468 4082
1469 4083
1470 4084
1471 4085
1472 4086
1473 4087
1474 4088
1475 4089
1476 4090
1477 4091
1478 4092
1479 4093
1480 4094
1481 4095
1482 4096
1483 4097
1484 4098
1485 4099
1486 4100
1487 4101
1488 4102
1489 4103
1490 4104
1491 4105
1492 4106
1493 4107
1494 4108
1495 4110
1496 4111
1497 4112
1498 4113
1499 4114
1500 4115
1501 4117
1502 4118
1503 4119
1504 4120
1505 4121
1506 4122
1507 4123
1508 4124
1509 4125
1510 4126
1511 4127
1512 4128
1513 4129
1514 4130
1515 4131
1516 4132
1517 4133
1518 4134
1519 4135
1520 4136
1521 4137
1522 4138
1523 4139
1524 4140
1525 4141
1526 4142
1527 4143
1528 4144
1529 4145
1530 4146
1531 4147
1532 4148
1533 4149
1534 4150
1535 4151
1536 4152
1537 4153
1538 4154
1539 4155
1540 4156
1541 4157
1542 4158
1543 4159
1544 4160
1545 4161
1546 4162
1547 4163
1548 4164
1549 4165
1550 4166
1551 4167
1552 4168
1553 4169
1554 4170
1555 4171
1556 4172
1557 4173
1558 4174
1559 4175
1560 4176
1561 4177
1562 4178
1563 4179
1564 4180
1565 4181
1566 4182
1567 4183
1568 4184
1569 4185
1570 4186
1571 4187
1572 4188
1573 4189
1574 4190
1575 4191
1576 4192
1577 4193
1578 4195
1579 4196
1580 4197
1581 4198
1582 4199
1583 4200
1584 4201
1585 4202
1586 4203
1587 4204
1588 4205
1589 4206
1590 4207
1591 4208
1592 4209
1593 4210
1594 4211
1595 4212
1596 4213
1597 4214
1598 4215
1599 4216
1600 4217
1601 4218
1602 4219
1603 4220
1604 4221
1605 4222
1606 4225
1607 4226
1608 4227
1609 4228
1610 4229
1611 4230
1612 4231
1613 4232
1614 4233
1615 4234
1616 4235
1617 4236
1618 4237
1619 4238
1620 4239
1621 4240
1622 4241
1623 4242
1624 4243
1625 4244
1626 4245
1627 4246
1628 4247
1629 4248
1630 4249
1631 4250
1632 4251
1633 4252
1634 4253
1635 4254
1636 4255
1637 4256
1638 4257
1639 4258
1640 4259
1641 4260
1642 4261
1643 4262
1644 4263
1645 4264
1646 4265
1647 4266
1648 4267
1649 4268
1650 4269
1651 4270
1652 4271
1653 4272
1654 4273
1655 4274
1656 4275
1657 4276
1658 4277
1659 4278
1660 4279
1661 4280
1662 4281
1663 4282
1664 4283
1665 4284
1666 4285
1667 4286
1668 4287
1669 4288
1670 4289
1671 4290
1672 4291
1673 4292
1674 4293
1675 4294
1676 4295
1677 4296
1678 4297
1679 4298
1680 4299
1681 4300
1682 4301
1683 4302
1684 4303
1685 4304
1686 4305
1687 4306
1688 4307
1689 4308
1690 4309
1691 4310
1692 4311
1693 4312
1694 4313
1695 4314
1696 4315
1697 4316
1698 4317
1699 4318
1700 4319
1701 4320
1702 4321
1703 4322
1704 4323
1705 4324
1706 4325
1707 4326
1708 4327
1709 4328
1710 4329
1711 4330
1712 4331
1713 4332
1714 4333
1715 4334
1716 4335
1717 4336
1718 4337
1719 4338
1720 4339
1721 4340
1722 4345
1723 4346
1724 4347
1725 4348
1726 4349
1727 4350
1728 4351
1729 4352
1730 4353
1731 4354
1732 4355
1733 4356
1734 4357
1735 4358
1736 4359
1737 4360
1738 4361
1739 4362
1740 4363
1741 4364
1742 4365
1743 4366
1744 4367
1745 4368
1746 4369
1747 4370
1748 4371
1749 4372
1750 4373
1751 4374
1752 4375
1753 4376
1754 4377
1755 4378
1756 4379
1757 4380
1758 4381
1759 4382
1760 4383
1761 4384
1762 4385
1763 4386
1764 4387
1765 4388
1766 4389
1767 4390
1768 4391
1769 4392
1770 4393
1771 4394
1772 4395
1773 4396
1774 4397
1775 4398
1776 4399
1777 4400
1778 4401
1779 4402
1780 4403
1781 4404
1782 4405
1783 4406
1784 4407
1785 4408
1786 4409
1787 4410
1788 4413
1789 4414
1790 4420
1791 4421
1792 4422
1793 4423
1794 4424
1795 4425
1796 4426
1797 4427
1798 4428
1799 4429
1800 4430
1801 4431
1802 4432
1803 4433
1804 4434
1805 4435
1806 4436
1807 4437
1808 4438
1809 4439
1810 4440
1811 4441
1812 4442
1813 4443
1814 4444
1815 4445
1816 4446
1817 4447
1818 4448
1819 4449
1820 4450
1821 4451
1822 4452
1823 4453
1824 4454
1825 4455
1826 4456
1827 4457
1828 4459
1829 4460
1830 4461
1831 4462
1832 4463
1833 4464
1834 4465
1835 4466
1836 4467
1837 4468
1838 4469
1839 4470
1840 4471
1841 4472
1842 4473
1843 4474
1844 4475
1845 4476
1846 4477
1847 4478
1848 4479
1849 4480
1850 4481
1851 4482
1852 4483
1853 4484
1854 4485
1855 4486
1856 4487
1857 4489
1858 4490
1859 4491
1860 4492
1861 4493
1862 4494
1863 4495
1864 4496
1865 4497
1866 4498
1867 4499
1868 4500
1869 4501
1870 4502
1871 4503
1872 4507
1873 4508
1874 4509
1875 4510
1876 4511
1877 4512
1878 4513
1879 4514
1880 4515
1881 4516
1882 4517
1883 4518
1884 4519
1885 4520
1886 4521
1887 4522
1888 4523
1889 4524
1890 4525
1891 4526
1892 4527
1893 4531
1894 4532
1895 4535
1896 4536
1897 4537
1898 4538
1899 4539
1900 4540
1901 4541
1902 4542
1903 4543
1904 4544
1905 4551
1906 4552
1907 4553
1908 4554
1909 4555
1910 4556
1911 4557
1912 4558
1913 4559
1914 4560
1915 4561
1916 4562
1917 4563
1918 4564
1919 4565
1920 4566
1921 4567
1922 4568
1923 4569
1924 4570
1925 4571
1926 4572
1927 4574
1928 4576
1929 4581
1930 4582
1931 4584
1932 4585
1933 4586
1934 4587
1935 4588
1936 4589
1937 4590
1938 4591
1939 4592
1940 4593
1941 4594
1942 4595
1943 4596
1944 4598
1945 4600
1946 4601
1947 4602
1948 4603
1949 4604
1950 4605
1951 4606
1952 4607
1953 4608
1954 4609
1955 4610
1956 4611
1957 4612
1958 4613
1959 4614
1960 4615
1961 4616
1962 4618
1963 4619
1964 4620
1965 4621
1966 4622
1967 4623
1968 4624
1969 4626
1970 4627
1971 4628
1972 4629
1973 4630
1974 4631
1975 4632
1976 4633
1977 4634
1978 4635
1979 4636
1980 4637
1981 4638
1982 4639
1983 4640
1984 4641
1985 4642
1986 4643
1987 4645
1988 4646
1989 4647
1990 4648
1991 4649
1992 4650
1993 4651
1994 4653
1995 4654
1996 4655
1997 4656
1998 4657
1999 4658
2000 4659
2001 4660
2002 4661
2003 4662
2004 4663
2005 4664
2006 4665
2007 4666
2008 4667
2009 4668
2010 4669
2011 4670
2012 4671
2013 4672
2014 4673
2015 4674
2016 4675
2017 4676
2018 4677
2019 4678
2020 4679
2021 4681
2022 4682
2023 4683
2024 4684
2025 4685
2026 4686
2027 4687
2028 4688
2029 4689
2030 4690
2031 4691
2032 4692
2033 4693
2034 4694
2035 4695
2036 4696
2037 4697
2038 4698
2039 4699
2040 4701
2041 4702
2042 4703
2043 4704
2044 4705
2045 4706
2046 4709
2047 4711
2048 4712
2049 4713
2050 4714
2051 4715
2052 4716
2053 4717
2054 4718
2055 4719
2056 4720
2057 4721
2058 4722
2059 4723
2060 4724
2061 4725
2062 4726
2063 4727
2064 4728
2065 4729
2066 4730
2067 4731
2068 4732
2069 4733
2070 4734
2071 4735
2072 4736
2073 4737
2074 4738
2075 4739
2076 4740
2077 4741
2078 4742
2079 4743
2080 4744
2081 4745
2082 4746
2083 4747
2084 4748
2085 4749
2086 4750
2087 4751
2088 4752
2089 4753
2090 4754
2091 4755
2092 4756
2093 4757
2094 4758
2095 4759
2096 4760
2097 4761
2098 4762
2099 4763
2100 4764
2101 4765
2102 4766
2103 4767
2104 4768
2105 4769
2106 4770
2107 4771
2108 4775
2109 4778
2110 4779
2111 4780
2112 4781
2113 4782
2114 4783
2115 4784
2116 4787
2117 4788
2118 4789
2119 4790
2120 4791
2121 4792
2122 4793
2123 4794
2124 4795
2125 4796
2126 4798
2127 4799
2128 4800
2129 4801
2130 4802
2131 4803
2132 4804
2133 4805
2134 4806
2135 4807
2136 4808
2137 4809
2138 4810
2139 4811
2140 4812
2141 4813
2142 4814
2143 4815
2144 4816
2145 4817
2146 4818
2147 4819
2148 4820
2149 4822
2150 4823
2151 4824
2152 4825
2153 4826
2154 4827
2155 4828
2156 4829
2157 4830
2158 4831
2159 4832
2160 4833
2161 4834
2162 4835
2163 4836
2164 4837
2165 4838
2166 4839
2167 4840
2168 4841
2169 4843
2170 4844
2171 4845
2172 4846
2173 4847
2174 4848
2175 4849
2176 4850
2177 4851
2178 4852
2179 4853
2180 4854
2181 4855
2182 4856
2183 4857
2184 4858
2185 4859
2186 4860
2187 4861
2188 4862
2189 4863
2190 4864
2191 4865
2192 4867
2193 4868
2194 4869
2195 4870
2196 4871
2197 4872
2198 4873
2199 4874
2200 4875
2201 4876
2202 4877
2203 4878
2204 4879
2205 4880
2206 4883
2207 4884
2208 4885
2209 4886
2210 4888
2211 4889
2212 4890
2213 4891
2214 4893
2215 4894
2216 4895
2217 4896
2218 4897
2219 4898
2220 4899
2221 4900
2222 4901
2223 4902
2224 4903
2225 4904
2226 4905
2227 4906
2228 4907
2229 4908
2230 4909
2231 4910
2232 4911
2233 4912
2234 4913
2235 4914
2236 4915
2237 4916
2238 4917
2239 4918
2240 4919
2241 4920
2242 4921
2243 4922
2244 4923
2245 4924
2246 4925
2247 4926
2248 4927
2249 4928
2250 4929
2251 4930
2252 4931
2253 4932
2254 4933
2255 4934
2256 4935
2257 4936
2258 4937
2259 4938
2260 4939
2261 4940
2262 4941
2263 4942
2264 4943
2265 4944
2266 4945
2267 4946
2268 4947
2269 4948
2270 4949
2271 4950
2272 4951
2273 4952
2274 4957
2275 4958
2276 4959
2277 4960
2278 4961
2279 4962
2280 4963
2281 4964
2282 4965
2283 4966
2284 4967
2285 4968
2286 4969
2287 4970
2288 4971
2289 4972
2290 4973
2291 4974
2292 4975
2293 4976
2294 4977
2295 4978
2296 4979
2297 4980
2298 4981
2299 4982
2300 4983
2301 4984
2302 4985
2303 4986
2304 4987
2305 4988
2306 4989
2307 4990
2308 4991
2309 4992
2310 4993
2311 4994
2312 4995
2313 4996
2314 4997
2315 4998
2316 4999
2317 5000
2318 5001
2319 5002
2320 5003
2321 5004
2322 5005
2323 5006
2324 5007
2325 5008
2326 5009
2327 5010
2328 5011
2329 5012
2330 5013
2331 5014
2332 5015
2333 5016
2334 5017
2335 5018
2336 5019
2337 5020
2338 5021
2339 5022
2340 5023
2341 5024
2342 5025
2343 5026
2344 5027
2345 5028
2346 5029
2347 5030
2348 5031
2349 5032
2350 5033
2351 5034
2352 5035
2353 5036
2354 5037
2355 5039
2356 5041
2357 5042
2358 5043
2359 5044
2360 5045
2361 5049
2362 5050
2363 5051
2364 5052
2365 5053
2366 5054
2367 5055
2368 5056
2369 5057
2370 5058
2371 5059
2372 5060
2373 5061
2374 5062
2375 5063
2376 5064
2377 5066
2378 5068
2379 5069
2380 5070
2381 5072
2382 5073
2383 5074
2384 5075
2385 5076
2386 5077
2387 5078
2388 5079
2389 5080
2390 5081
2391 5082
2392 5083
2393 5084
2394 5085
2395 5086
2396 5087
2397 5088
2398 5094
2399 5095
2400 5096
2401 5097
2402 5098
2403 5099
2404 5105
2405 5106
2406 5107
2407 5108
2408 5109
2409 5110
2410 5113
2411 5114
2412 5115
2413 5116
2414 5117
2415 5118
2416 5119
2417 5120
2418 5121
2419 5122
2420 5123
2421 5124
2422 5125
2423 5126
2424 5127
2425 5128
2426 5129
2427 5130
2428 5131
2429 5132
2430 5133
2431 5134
2432 5135
2433 5136
2434 5137
2435 5138
2436 5139
2437 5140
2438 5141
2439 5142
2440 5143
2441 5144
2442 5145
2443 5146
2444 5147
2445 5148
2446 5149
2447 5150
2448 5152
2449 5153
2450 5154
2451 5155
2452 5156
2453 5157
2454 5158
2455 5159
2456 5160
2457 5161
2458 5162
2459 5163
2460 5166
2461 5167
2462 5168
2463 5169
2464 5170
2465 5171
2466 5172
2467 5173
2468 5174
2469 5175
2470 5176
2471 5177
2472 5178
2473 5179
2474 5180
2475 5181
2476 5183
2477 5185
2478 5186
2479 5187
2480 5188
2481 5189
2482 5191
2483 5192
2484 5193
2485 5195
2486 5196
2487 5197
2488 5198
2489 5199
2490 5200
2491 5201
2492 5202
2493 5203
2494 5204
2495 5205
2496 5206
2497 5207
2498 5208
2499 5209
2500 5210
2501 5211
2502 5212
2503 5213
2504 5214
2505 5215
2506 5216
2507 5223
2508 5224
2509 5225
2510 5226
2511 5227
2512 5229
2513 5232
2514 5233
2515 5236
2516 5238
2517 5239
2518 5241
2519 5242
2520 5243
2521 5244
2522 5246
2523 5248
2524 5249
2525 5250
2526 5251
2527 5252
2528 5254
2529 5255
2530 5257
2531 5258
2532 5260
2533 5261
2534 5262
2535 5263
2536 5264
2537 5265
2538 5266
2539 5267
2540 5268
2541 5269
2542 5270
2543 5271
2544 5272
2545 5273
2546 5274
2547 5275
2548 5276
2549 5277
2550 5278
2551 5280
2552 5281
2553 5282
2554 5283
2555 5284
2556 5285
2557 5289
2558 5291
2559 5292
2560 5293
2561 5294
2562 5295
2563 5296
2564 5297
2565 5300
2566 5301
2567 5303
2568 5305
2569 5306
2570 5308
2571 5309
2572 5313
2573 5317
2574 5318
2575 5319
2576 5320
2577 5321
2578 5322
2579 5323
2580 5324
2581 5325
2582 5326
2583 5327
2584 5328
2585 5329
2586 5330
2587 5331
2588 5332
2589 5334
2590 5336
2591 5337
2592 5338
2593 5340
2594 5346
2595 5347
2596 5348
2597 5349
2598 5350
2599 5351
2600 5352
2601 5353
2602 5355
2603 5356
2604 5357
2605 5358
2606 5359
2607 5360
2608 5361
2609 5362
2610 5363
2611 5364
2612 5365
2613 5366
2614 5367
2615 5368
2616 5369
2617 5370
2618 5371
2619 5372
2620 5373
2621 5374
2622 5375
2623 5376
2624 5378
2625 5379
2626 5380
2627 5381
2628 5382
2629 5383
2630 5384
2631 5385
2632 5386
2633 5387
2634 5388
2635 5389
2636 5390
2637 5391
2638 5393
2639 5394
2640 5395
2641 5396
2642 5397
2643 5398
2644 5400
2645 5408
2646 5409
2647 5411
2648 5412
2649 5413
2650 5414
2651 5415
2652 5416
2653 5417
2654 5418
2655 5419
2656 5420
2657 5421
2658 5422
2659 5423
2660 5424
2661 5425
2662 5426
2663 5427
2664 5428
2665 5429
2666 5430
2667 5431
2668 5432
2669 5433
2670 5434
2671 5435
2672 5436
2673 5437
2674 5438
2675 5440
2676 5441
2677 5442
2678 5443
2679 5444
2680 5445
2681 5446
2682 5447
2683 5448
2684 5449
2685 5451
2686 5452
2687 5458
2688 5460
2689 5461
2690 5462
2691 5463
2692 5464
2693 5465
2694 5466
2695 5467
2696 5468
2697 5469
2698 5470
2699 5471
2700 5472
2701 5473
2702 5474
2703 5475
2704 5476
2705 5477
2706 5478
2707 5484
2708 5485
2709 5486
2710 5487
2711 5488
2712 5489
2713 5490
2714 5491
2715 5494
2716 5495
2717 5496
2718 5497
2719 5498
2720 5500
2721 5501
2722 5502
2723 5503
2724 5504
2725 5505
2726 5506
2727 5507
2728 5508
2729 5509
2730 5510
2731 5511
2732 5512
2733 5513
2734 5518
2735 5519
2736 5520
2737 5521
2738 5522
2739 5523
2740 5524
2741 5525
2742 5526
2743 5527
2744 5528
2745 5529
2746 5530
2747 5531
2748 5532
2749 5533
2750 5534
2751 5535
2752 5536
2753 5537
2754 5538
2755 5541
2756 5542
2757 5543
2758 5544
2759 5554
2760 5555
2761 5559
2762 5560
2763 5561
2764 5564
2765 5565
2766 5566
2767 5567
2768 5568
2769 5569
2770 5570
2771 5571
2772 5572
2773 5573
2774 5574
2775 5575
2776 5576
2777 5577
2778 5578
2779 5579
2780 5580
2781 5581
2782 5582
2783 5583
2784 5584
2785 5585
2786 5586
2787 5587
2788 5588
2789 5589
2790 5590
2791 5591
2792 5592
2793 5593
2794 5594
2795 5595
2796 5596
2797 5597
2798 5601
2799 5602
2800 5603
2801 5604
2802 5605
2803 5606
2804 5608
2805 5609
2806 5610
2807 5611
2808 5612
2809 5613
2810 5614
2811 5615
2812 5616
2813 5617
2814 5618
2815 5620
2816 5622
2817 5623
2818 5624
2819 5625
2820 5626
2821 5627
2822 5628
2823 5629
2824 5630
2825 5631
2826 5632
2827 5633
2828 5634
2829 5635
2830 5636
2831 5637
2832 5638
2833 5640
2834 5643
2835 5646
2836 5647
2837 5649
2838 5650
2839 5651
2840 5652
2841 5653
2842 5654
2843 5656
2844 5657
2845 5658
2846 5659
2847 5660
2848 5661
2849 5662
2850 5663
2851 5664
2852 5667
2853 5668
2854 5669
2855 5670
2856 5671
2857 5675
2858 5676
2859 5677
2860 5678
2861 5679
2862 5680
2863 5681
2864 5682
2865 5684
2866 5685
2867 5686
2868 5687
2869 5689
2870 5690
2871 5691
2872 5694
2873 5695
2874 5696
2875 5697
2876 5698
2877 5700
2878 5701
2879 5702
2880 5703
2881 5704
2882 5705
2883 5706
2884 5707
2885 5708
2886 5709
2887 5710
2888 5711
2889 5713
2890 5714
2891 5716
2892 5718
2893 5719
2894 5722
2895 5723
2896 5724
2897 5725
2898 5729
2899 5733
2900 5734
2901 5738
2902 5739
2903 5740
2904 5741
2905 5742
2906 5743
2907 5744
2908 5746
2909 5748
2910 5749
2911 5751
2912 5752
2913 5754
2914 5755
2915 5756
2916 5767
2917 5768
2918 5769
2919 5770
2920 5771
2921 5772
2922 5773
2923 5775
2924 5776
2925 5777
2926 5785
2927 5790
2928 5792
2929 5793
2930 5796
2931 5797
2932 5798
2933 5799
2934 5800
2935 5801
2936 5802
2937 5803
2938 5804
2939 5805
2940 5807
2941 5809
2942 5810
2943 5811
2944 5812
2945 5813
2946 5814
2947 5815
2948 5816
2949 5817
2950 5818
2951 5819
2952 5820
2953 5821
2954 5822
2955 5823
2956 5824
2957 5825
2958 5826
2959 5827
2960 5828
2961 5829
2962 5830
2963 5831
2964 5832
2965 5833
2966 5834
2967 5835
2968 5836
2969 5837
2970 5838
2971 5839
2972 5840
2973 5841
2974 5842
2975 5843
2976 5844
2977 5845
2978 5846
2979 5847
2980 5848
2981 5849
2982 5850
2983 5851
2984 5852
2985 5853
2986 5854
2987 5855
2988 5856
2989 5857
2990 5858
2991 5859
2992 5860
2993 5861
2994 5862
2995 5863
2996 5864
2997 5865
2998 5866
2999 5867
3000 5870
3001 5871
3002 5872
3003 5873
3004 5875
3005 5876
3006 5877
3007 5878
3008 5880
3009 5881
3010 5882
3011 5883
3012 5884
3013 5885
3014 5886
3015 5887
3016 5888
3017 5889
3018 5890
3019 5891
3020 5892
3021 5893
3022 5894
3023 5895
3024 5896
3025 5897
3026 5898
3027 5899
3028 5900
3029 5901
3030 5902
3031 5903
3032 5904
3033 5905
3034 5906
3035 5907
3036 5908
3037 5909
3038 5910
3039 5911
3040 5912
3041 5913
3042 5914
3043 5915
3044 5916
3045 5917
3046 5918
3047 5919
3048 5920
3049 5921
3050 5922
3051 5923
3052 5924
3053 5925
3054 5926
3055 5927
3056 5928
3057 5929
3058 5930
3059 5931
3060 5932
3061 5933
3062 5934
3063 5935
3064 5936
3065 5937
3066 5938
3067 5939
3068 5940
3069 5941
3070 5942
3071 5943
3072 5944
3073 5946
3074 5947
3075 5948
3076 5949
3077 5950
3078 5951
3079 5952
3080 5953
3081 5954
3082 5957
3083 5958
3084 5959
3085 5960
3086 5961
3087 5962
3088 5963
3089 5964
3090 5966
3091 5967
3092 5970
3093 5971
3094 5972
3095 5973
3096 5974
3097 5983
3098 5984
3099 5985
3100 5987
3101 5988
3102 5989
3103 5990
3104 5991
3105 5992
3106 5993
3107 5999
3108 6000
3109 6001
3110 6002
3111 6003
3112 6007
3113 6009
3114 6012
3115 6016
3116 6017
3117 6018
3118 6020
3119 6022
3120 6023
3121 6024
3122 6025
3123 6027
3124 6028
3125 6029
3126 6030
3127 6031
3128 6032
3129 6033
3130 6035
3131 6036
3132 6037
3133 6038
3134 6040
3135 6041
3136 6050
3137 6053
3138 6054
3139 6056
3140 6060
3141 6062
3142 6064
3143 6066
3144 6067
3145 6068
3146 6069
3147 6070
3148 6071
3149 6072
3150 6074
3151 6075
3152 6076
3153 6077
3154 6078
3155 6079
3156 6081
3157 6083
3158 6084
3159 6085
3160 6087
3161 6088
3162 6089
3163 6091
3164 6092
3165 6093
3166 6094
3167 6096
3168 6097
3169 6099
3170 6101
3171 6103
3172 6104
3173 6105
3174 6106
3175 6107
3176 6108
3177 6109
3178 6110
3179 6111
3180 6112
3181 6113
3182 6114
3183 6115
3184 6116
3185 6117
3186 6118
3187 6119
3188 6120
3189 6121
3190 6122
3191 6123
3192 6124
3193 6125
3194 6126
3195 6128
3196 6130
3197 6131
3198 6132
3199 6133
3200 6134
3201 6135
3202 6136
3203 6137
3204 6138
3205 6139
3206 6140
3207 6145
3208 6146
3209 6147
3210 6148
3211 6149
3212 6150
3213 6151
3214 6152
3215 6153
3216 6154
3217 6155
3218 6156
3219 6157
3220 6158
3221 6159
3222 6160
3223 6161
3224 6162
3225 6163
3226 6164
3227 6165
3228 6166
3229 6167
3230 6168
3231 6169
3232 6170
3233 6171
3234 6172
3235 6173
3236 6174
3237 6175
3238 6176
3239 6177
3240 6178
3241 6179
3242 6181
3243 6182
3244 6183
3245 6184
3246 6185
3247 6186
3248 6187
3249 6188
3250 6189
3251 6190
3252 6197
3253 6200
3254 6202
3255 6207
3256 6208
3257 6209
3258 6210
3259 6212
3260 6213
3261 6214
3262 6215
3263 6218
3264 6221
3265 6222
3266 6223
3267 6225
3268 6227
3269 6228
3270 6229
3271 6230
3272 6232
3273 6233
3274 6234
3275 6235
3276 6236
3277 6237
3278 6238
3279 6239
3280 6240
3281 6241
3282 6242
3283 6243
3284 6244
3285 6245
3286 6246
3287 6247
3288 6248
3289 6249
3290 6251
3291 6252
3292 6253
3293 6254
3294 6255
3295 6256
3296 6257
3297 6258
3298 6259
3299 6260
3300 6261
3301 6262
3302 6263
3303 6264
3304 6265
3305 6266
3306 6267
3307 6268
3308 6269
3309 6270
3310 6271
3311 6272
3312 6273
3313 6274
3314 6275
3315 6277
3316 6278
3317 6279
3318 6280
3319 6281
3320 6282
3321 6285
3322 6286
3323 6287
3324 6289
3325 6290
3326 6291
3327 6292
3328 6293
3329 6294
3330 6295
3331 6297
3332 6298
3333 6299
3334 6300
3335 6301
3336 6302
3337 6303
3338 6304
3339 6305
3340 6306
3341 6311
3342 6312
3343 6313
3344 6314
3345 6317
3346 6318
3347 6319
3348 6320
3349 6321
3350 6322
3351 6323
3352 6324
3353 6326
3354 6327
3355 6328
3356 6329
3357 6333
3358 6334
3359 6335
3360 6338
3361 6340
3362 6341
3363 6343
3364 6345
3365 6346
3366 6348
3367 6349
3368 6350
3369 6351
3370 6352
3371 6353
3372 6354
3373 6355
3374 6356
3375 6357
3376 6359
3377 6360
3378 6361
3379 6362
3380 6363
3381 6364
3382 6365
3383 6366
3384 6368
3385 6370
3386 6373
3387 6374
3388 6376
3389 6377
3390 6380
3391 6381
3392 6382
3393 6383
3394 6384
3395 6385
3396 6386
3397 6387
3398 6391
3399 6392
3400 6393
3401 6394
3402 6396
3403 6397
3404 6400
3405 6402
3406 6403
3407 6404
3408 6406
3409 6407
3410 6408
3411 6409
3412 6411
3413 6413
3414 6414
3415 6419
3416 6420
3417 6423
3418 6425
3419 6426
3420 6427
3421 6429
3422 6430
3423 6431
3424 6432
3425 6433
3426 6434
3427 6435
3428 6436
3429 6437
3430 6438
3431 6439
3432 6440
3433 6441
3434 6443
3435 6445
3436 6447
3437 6448
3438 6449
3439 6450
3440 6452
3441 6453
3442 6455
3443 6456
3444 6457
3445 6459
3446 6460
3447 6464
3448 6465
3449 6466
3450 6467
3451 6468
3452 6469
3453 6472
3454 6473
3455 6474
3456 6475
3457 6476
3458 6477
3459 6478
3460 6479
3461 6481
3462 6482
3463 6483
3464 6484
3465 6486
3466 6487
3467 6488
3468 6489
3469 6490
3470 6491
3471 6492
3472 6493
3473 6495
3474 6496
3475 6497
3476 6498
3477 6499
3478 6501
3479 6502
3480 6503
3481 6504
3482 6505
3483 6506
3484 6507
3485 6508
3486 6509
3487 6510
3488 6511
3489 6513
3490 6515
3491 6516
3492 6517
3493 6518
3494 6519
3495 6520
3496 6521
3497 6522
3498 6523
3499 6524
3500 6525
3501 6526
3502 6527
3503 6528
3504 6529
3505 6530
3506 6531
3507 6532
3508 6534
3509 6535
3510 6536
3511 6537
3512 6538
3513 6540
3514 6541
3515 6542
3516 6543
3517 6544
3518 6546
3519 6547
3520 6548
3521 6549
3522 6550
3523 6551
3524 6552
3525 6553
3526 6554
3527 6555
3528 6556
3529 6558
3530 6560
3531 6561
3532 6562
3533 6563
3534 6565
3535 6568
3536 6570
3537 6571
3538 6572
3539 6573
3540 6574
3541 6575
3542 6576
3543 6577
3544 6578
3545 6579
3546 6585
3547 6586
3548 6587
3549 6588
3550 6589
3551 6590
3552 6591
3553 6593
3554 6596
3555 6600
3556 6601
3557 6602
3558 6606
3559 6607
3560 6608
3561 6609
3562 6611
3563 6612
3564 6614
3565 6615
3566 6620
3567 6621
3568 6622
3569 6623
3570 6624
3571 6626
3572 6627
3573 6628
3574 6629
3575 6630
3576 6632
3577 6634
3578 6635
3579 6637
3580 6638
3581 6640
3582 6641
3583 6642
