1 2776
2 2777
3 2778
4 2780
5 2784
6 2785
7 2786
8 2789
9 2792
10 2796
11 2797
12 2798
13 2799
14 2800
15 2801
16 2802
17 2803
18 2804
19 2807
20 2808
21 2810
22 2812
23 2813
24 2814
25 2860
26 2861
27 2862
28 2865
29 2866
30 2867
31 2868
32 2870
33 2872
34 2875
35 2878
36 2881
37 2882
38 2883
39 2884
40 2885
41 2886
42 2887
43 2888
44 2889
45 2890
46 2891
47 2904
48 2912
49 2913
50 2917
51 2918
52 2919
53 2920
54 2922
55 2923
56 2931
57 2932
58 2933
59 2935
60 2936
61 2939
62 2940
63 2943
64 2944
65 2945
66 2946
67 2947
68 2948
69 2949
70 2950
71 2951
72 2952
73 2953
74 2954
75 2956
76 2957
77 2958
78 2959
79 2961
80 2963
81 2964
82 2965
83 2966
84 2967
85 2968
86 2969
87 2970
88 2972
89 2978
90 2979
91 2981
92 2982
93 2983
94 2984
95 2985
96 2986
97 2987
98 2988
99 2990
100 2998
101 2999
102 3000
103 3005
104 3008
105 3009
106 3011
107 3012
108 3013
109 3014
110 3015
111 3016
112 3018
113 3019
114 3020
115 3022
116 3023
117 3029
118 3031
119 3032
120 3033
121 3034
122 3035
123 3037
124 3039
125 3041
126 3042
127 3043
128 3046
129 3047
130 3048
131 3049
132 3050
133 3051
134 3177
135 3178
136 3180
137 3182
138 3183
139 3185
140 3186
141 3187
142 3188
143 3190
144 3191
145 3196
146 3197
147 3198
148 3199
149 3200
150 3202
151 3214
152 3215
153 3216
154 3217
155 3221
156 3222
157 3223
158 3225
159 3227
160 3228
161 3229
162 3230
163 3231
164 3234
165 3235
166 3237
167 3238
168 3239
169 3240
170 3241
171 3242
172 3243
173 3244
174 3245
175 3246
176 3247
177 3248
178 3249
179 3250
180 3251
181 3252
182 3253
183 3255
184 3256
185 3257
186 3258
187 3259
188 3261
189 3262
190 3263
191 3264
192 3266
193 3267
194 3268
195 3269
196 3270
197 3271
198 3274
199 3277
200 3279
201 3281
202 3282
203 3283
204 3284
205 3285
206 3286
207 3287
208 3288
209 3290
210 3291
211 3292
212 3293
213 3294
214 3295
215 3296
216 3297
217 3308
218 3309
219 3310
220 3311
221 3312
222 3313
223 3315
224 3319
225 3320
226 3322
227 3323
228 3325
229 3326
230 3327
231 3328
232 3334
233 3335
234 3339
235 3340
236 3341
237 3350
238 3356
239 3357
240 3361
241 3363
242 3364
243 3365
244 3366
245 3367
246 3368
247 3369
248 3370
249 3371
250 3389
251 3395
252 3396
253 3397
254 3400
255 3403
256 3404
257 3408
258 3415
259 3416
260 3417
261 3418
262 3419
263 3421
264 3424
265 3425
266 3426
267 3427
268 3438
269 3439
270 3440
271 3443
272 3445
273 3447
274 3449
275 3451
276 3461
277 3534
278 3536
279 3537
280 3540
281 3541
282 3543
283 3544
284 3545
285 3548
286 3549
287 3550
288 3551
289 3552
290 3554
291 3555
292 3557
293 3559
294 3561
295 3564
296 3565
297 3566
298 3567
299 3568
300 3569
301 3570
302 3572
303 3573
304 3574
305 3576
306 3578
307 3579
308 3580
309 3581
310 3582
311 3584
312 3585
313 3588
314 3590
315 3591
316 3592
317 3593
318 3594
319 3595
320 3596
321 3599
322 3600
323 3601
324 3602
325 3603
326 3604
327 3605
328 3606
329 3607
330 3608
331 3609
332 3610
333 3611
334 3612
335 3613
336 3614
337 3615
338 3621
339 3624
340 3625
341 3626
342 3628
343 3629
344 3651
345 3652
346 3653
347 3654
348 3655
349 3656
350 3657
351 3658
352 3659
353 3662
354 3663
355 3666
356 3667
357 3668
358 3669
359 3670
360 3674
361 3676
362 3686
363 3687
364 3688
365 3689
366 3690
367 3691
368 3692
369 3693
370 3694
371 3695
372 3699
373 3701
374 3702
375 3703
376 3704
377 3710
378 3711
379 3712
380 3713
381 3716
382 3719
383 3721
384 3722
385 3723
386 3726
387 3731
388 3735
389 3744
390 3745
391 3746
392 3747
393 3748
394 3756
395 3757
396 3758
397 3759
398 3760
399 3761
400 3762
401 3763
402 3764
403 3765
404 3766
405 3767
406 3768
407 3769
408 3770
409 3771
410 3773
411 3775
412 3776
413 3777
414 3778
415 3779
416 3781
417 3782
418 3786
419 3787
420 3789
421 3790
422 3801
423 3802
424 3803
425 3806
426 3807
427 3814
428 3816
429 3817
430 3818
431 3821
432 3822
433 3828
434 3830
435 3834
436 3836
437 3841
438 3851
439 3852
440 3857
441 3869
442 3871
443 3872
444 3879
445 3883
446 3892
447 3895
448 3897
449 3914
450 3924
451 3926
452 3933
453 3934
454 3935
455 3938
456 3943
457 3946
458 3949
459 3950
460 3951
461 3952
462 3997
463 4030
464 4031
465 4035
466 4038
467 4039
468 4040
469 4041
470 4042
471 4043
472 4044
473 4045
474 4047
475 4048
476 4049
477 4050
478 4051
479 4053
480 4054
481 4055
482 4056
483 4057
484 4064
485 4065
486 4066
487 4067
488 4068
489 4069
490 4070
491 4072
492 4073
493 4076
494 4078
495 4079
496 4080
497 4120
498 4121
499 4122
500 4124
501 4126
502 4127
503 4128
504 4129
505 4135
506 4151
507 4152
508 4153
509 4154
510 4155
511 4156
512 4157
513 4158
514 4159
515 4160
516 4161
517 4162
518 4163
519 4164
520 4165
521 4166
522 4167
523 4169
524 4172
525 4181
526 4182
527 4184
528 4185
529 4186
530 4187
531 4189
532 4190
533 4191
534 4192
535 4193
536 4194
537 4195
538 4196
539 4197
540 4198
541 4199
542 4200
543 4201
544 4202
545 4210
546 4212
547 4213
548 4214
549 4215
550 4216
551 4217
552 4219
553 4220
554 4221
555 4222
556 4223
557 4224
558 4225
559 4226
560 4227
561 4228
562 4230
563 4231
564 4232
565 4233
566 4234
567 4235
568 4236
569 4237
570 4238
571 4239
572 4240
573 4241
574 4242
575 4243
576 4262
577 4263
578 4264
579 4265
580 4266
581 4268
582 4269
583 4270
584 4274
585 4280
586 4281
587 4282
588 4283
589 4284
590 4285
591 4286
592 4287
593 4288
594 4289
595 4290
596 4291
597 4292
598 4294
599 4298
600 4299
601 4300
602 4303
603 4305
604 4307
605 4308
606 4309
607 4310
608 4312
609 4313
610 4316
611 4317
612 4318
613 4319
614 4320
615 4321
616 4322
617 4323
618 4324
619 4325
620 4326
621 4348
622 4349
623 4350
624 4351
625 4352
626 4354
627 4357
628 4358
629 4359
630 4360
631 4361
632 4363
633 4364
634 4365
635 4366
636 4367
637 4368
638 4369
639 4370
640 4371
641 4372
642 4374
643 4379
644 4380
645 4382
646 4384
647 4385
648 4386
649 4387
650 4388
651 4389
652 4390
653 4391
654 4392
655 4393
656 4394
657 4395
658 4396
659 4397
660 4398
661 4399
662 4402
663 4408
664 4409
665 4410
666 4411
667 4412
668 4413
669 4415
670 4416
671 4418
672 4425
673 4426
674 4428
675 4429
676 4430
677 4431
678 4432
679 4433
680 4436
681 4437
682 4438
683 4440
684 4441
685 4442
686 4445
687 4447
688 4449
689 4450
690 4451
691 4452
692 4453
693 4456
694 4458
695 4459
696 4460
697 4461
698 4463
699 4472
700 4473
701 4474
702 4476
703 4478
704 4479
705 4480
706 4519
707 4522
708 4523
709 4524
710 4525
711 4526
712 4528
713 4529
714 4530
715 4531
716 4534
717 4535
718 4536
719 4537
720 4541
721 4545
722 4546
723 4547
724 4548
725 4549
726 4550
727 4551
728 4552
729 4554
730 4555
731 4558
732 4559
733 4563
734 4564
735 4595
736 4596
737 4598
738 4599
739 4600
740 4608
741 4619
742 4621
743 4624
744 4627
745 4628
746 4629
747 4630
748 4631
749 4635
750 4637
751 4643
752 4646
753 4649
754 4650
755 4651
756 4652
757 4653
758 4662
759 4664
760 4665
761 4666
762 4667
763 4668
764 4669
765 4670
766 4672
767 4674
768 4675
769 4679
770 4680
771 4681
772 4683
773 4687
774 4688
775 4713
776 4715
777 4717
778 4718
779 4719
780 4720
781 4721
782 4722
783 4724
784 4725
785 4726
786 4727
787 4728
788 4730
789 4731
790 4733
791 4734
792 4735
793 4736
794 4737
795 4738
796 4739
797 4740
798 4741
799 4742
800 4743
801 4744
802 4745
803 4746
804 4747
805 4748
806 4749
807 4750
808 4751
809 4752
810 4753
811 4754
812 4755
813 4756
814 4757
815 4758
816 4759
817 4760
818 4761
819 4762
820 4763
821 4764
822 4765
823 4766
824 4767
825 4768
826 4773
827 4774
828 4775
829 4776
830 4781
831 4782
832 4783
833 4784
834 4785
835 4787
836 4788
837 4789
838 4792
839 4793
840 4794
841 4795
842 4796
843 4797
844 4798
845 4799
846 4803
847 4804
848 4805
849 4806
850 4846
851 4847
852 4848
853 4849
854 4850
855 4851
856 4852
857 4853
858 4857
859 4861
860 4865
861 4866
862 4867
863 4870
864 4880
865 4881
866 4882
867 4883
868 4884
869 4885
870 4886
871 4890
872 4891
873 4892
874 4893
875 4894
876 4895
877 4896
878 4897
879 4898
880 4902
881 4903
882 4905
883 4906
884 4907
885 4909
886 4910
887 4911
888 4913
889 4914
890 4915
891 4918
892 4919
893 4920
894 4921
895 4922
896 4924
897 4925
898 4926
899 4927
900 4928
901 4929
902 4930
903 4931
904 4932
905 4933
906 4934
907 4935
908 4936
909 4937
910 4938
911 4939
912 4940
913 4941
914 4942
915 4943
916 4944
917 4945
918 4946
919 4947
920 4948
921 4949
922 4950
923 4951
924 4952
925 4953
926 4954
927 4955
928 4956
929 4957
930 4958
931 4959
932 4960
933 4961
934 4962
935 4964
936 4967
937 4968
938 4969
939 4970
940 4971
941 4972
942 4973
943 4974
944 4975
945 4976
946 4977
947 4978
948 4979
949 4980
950 4981
951 4982
952 4983
953 4985
954 4988
955 4989
956 4991
957 4993
958 4994
959 4995
960 4996
961 4997
962 5000
963 5001
964 5002
965 5003
966 5004
967 5005
968 5006
969 5007
970 5008
971 5009
972 5016
973 5017
974 5023
975 5026
976 5027
977 5028
978 5029
979 5030
980 5031
981 5032
982 5033
983 5035
984 5038
985 5039
986 5040
987 5041
988 5042
989 5046
990 5051
991 5052
992 5053
993 5054
994 5055
995 5056
996 5057
997 5058
998 5062
999 5063
1000 5065
1001 5066
1002 5069
1003 5070
1004 5074
1005 5083
1006 5091
1007 5093
1008 5094
1009 5096
1010 5098
1011 5099
1012 5100
1013 5106
1014 5107
1015 5108
1016 5119
1017 5120
1018 5121
1019 5122
1020 5123
1021 5125
1022 5126
1023 5129
1024 5134
1025 5136
1026 5140
1027 5141
1028 5143
1029 5144
1030 5145
1031 5149
1032 5150
1033 5151
1034 5152
1035 5153
1036 5154
1037 5158
1038 5159
1039 5160
1040 5161
1041 5162
1042 5163
1043 5164
1044 5165
1045 5166
1046 5168
1047 5169
1048 5170
1049 5171
1050 5172
1051 5173
1052 5174
1053 5175
1054 5176
1055 5194
1056 5195
1057 5196
1058 5197
1059 5198
1060 5199
1061 5200
1062 5201
1063 5205
1064 5207
1065 5219
1066 5220
1067 5221
1068 5222
1069 5223
1070 5224
1071 5225
1072 5226
1073 5227
1074 5228
1075 5229
1076 5230
1077 5231
1078 5232
1079 5233
1080 5234
1081 5235
1082 5236
1083 5237
1084 5238
1085 5239
1086 5240
1087 5241
1088 5242
1089 5243
1090 5244
1091 5245
1092 5246
1093 5247
1094 5248
1095 5249
1096 5250
1097 5251
1098 5252
1099 5253
1100 5254
1101 5255
1102 5256
1103 5257
1104 5258
1105 5259
1106 5260
1107 5261
1108 5262
1109 5263
1110 5264
1111 5265
1112 5266
1113 5267
1114 5268
1115 5269
1116 5270
1117 5271
1118 5272
1119 5273
1120 5274
1121 5275
1122 5276
1123 5277
1124 5278
1125 5279
1126 5280
1127 5281
1128 5284
1129 5285
1130 5286
1131 5287
1132 5288
1133 5289
1134 5290
1135 5291
1136 5292
1137 5298
1138 5299
1139 5300
1140 5301
1141 5302
1142 5304
1143 5306
1144 5311
1145 5312
1146 5313
1147 5314
1148 5315
1149 5316
1150 5317
1151 5318
1152 5319
1153 5320
1154 5321
1155 5322
1156 5323
1157 5324
1158 5325
1159 5326
1160 5327
1161 5328
1162 5329
1163 5330
1164 5331
1165 5332
1166 5333
1167 5334
1168 5336
1169 5337
1170 5338
1171 5339
1172 5341
1173 5342
1174 5343
1175 5344
1176 5345
1177 5346
1178 5347
1179 5348
1180 5349
1181 5350
1182 5351
1183 5352
1184 5353
1185 5354
1186 5355
1187 5356
1188 5357
1189 5359
1190 5360
1191 5361
1192 5362
1193 5363
1194 5364
1195 5365
1196 5366
1197 5367
1198 5368
1199 5369
1200 5370
1201 5371
1202 5372
1203 5373
1204 5374
1205 5375
1206 5376
1207 5377
1208 5378
1209 5379
1210 5380
1211 5381
1212 5382
1213 5383
1214 5384
1215 5385
1216 5386
1217 5387
1218 5388
1219 5389
1220 5390
1221 5391
1222 5393
1223 5394
1224 5395
1225 5396
1226 5397
1227 5398
1228 5399
1229 5400
1230 5401
1231 5402
1232 5403
1233 5404
1234 5405
1235 5406
1236 5407
1237 5408
1238 5409
1239 5410
1240 5411
1241 5413
1242 5414
1243 5415
1244 5416
1245 5417
1246 5419
1247 5420
1248 5421
1249 5422
1250 5423
1251 5424
1252 5425
1253 5426
1254 5427
1255 5428
1256 5429
1257 5430
1258 5431
1259 5432
1260 5433
1261 5434
1262 5435
1263 5436
1264 5437
1265 5438
1266 5439
1267 5440
1268 5441
1269 5442
1270 5443
1271 5444
1272 5445
1273 5446
1274 5447
1275 5448
1276 5449
1277 5450
1278 5451
1279 5452
1280 5453
1281 5454
1282 5455
1283 5456
1284 5457
1285 5458
1286 5459
1287 5460
1288 5461
1289 5465
1290 5468
1291 5469
1292 5470
1293 5471
1294 5472
1295 5473
1296 5474
1297 5475
1298 5476
1299 5477
1300 5478
1301 5479
1302 5480
1303 5481
1304 5482
1305 5483
1306 5484
1307 5485
1308 5486
1309 5487
1310 5488
1311 5489
1312 5490
1313 5491
1314 5492
1315 5493
1316 5494
1317 5495
1318 5496
1319 5497
1320 5498
1321 5499
1322 5500
1323 5501
1324 5502
1325 5503
1326 5504
1327 5505
1328 5506
1329 5507
1330 5508
1331 5509
1332 5510
1333 5511
1334 5512
1335 5513
1336 5514
1337 5515
1338 5516
1339 5517
1340 5519
1341 5520
1342 5521
1343 5522
1344 5523
1345 5524
1346 5525
1347 5526
1348 5527
1349 5528
1350 5529
1351 5530
1352 5531
1353 5532
1354 5533
1355 5534
1356 5535
1357 5536
1358 5537
1359 5538
1360 5539
1361 5540
1362 5541
1363 5542
1364 5543
1365 5544
1366 5545
1367 5546
1368 5547
1369 5548
1370 5549
1371 5553
1372 5554
1373 5555
1374 5556
1375 5557
1376 5558
1377 5559
1378 5560
1379 5561
1380 5564
1381 5565
1382 5566
1383 5567
1384 5570
1385 5571
1386 5572
1387 5573
1388 5574
1389 5575
1390 5576
1391 5577
1392 5578
1393 5579
1394 5580
1395 5581
1396 5582
1397 5583
1398 5584
1399 5585
1400 5586
1401 5587
1402 5588
1403 5589
1404 5590
1405 5592
1406 5593
1407 5594
1408 5595
1409 5596
1410 5597
1411 5598
1412 5599
1413 5600
1414 5601
1415 5602
1416 5603
1417 5604
1418 5605
1419 5608
1420 5609
1421 5610
1422 5611
1423 5612
1424 5613
1425 5614
1426 5615
1427 5617
1428 5618
1429 5619
1430 5620
1431 5621
1432 5622
1433 5623
1434 5624
1435 5625
1436 5626
1437 5627
1438 5628
1439 5629
1440 5630
1441 5631
1442 5632
1443 5633
1444 5634
1445 5635
1446 5636
1447 5637
1448 5638
1449 5639
1450 5640
1451 5641
1452 5642
1453 5643
1454 5644
1455 5645
1456 5646
1457 5647
1458 5648
1459 5649
1460 5650
1461 5651
1462 5652
1463 5653
1464 5654
1465 5655
1466 5656
1467 5657
1468 5658
1469 5659
1470 5660
1471 5661
1472 5662
1473 5663
1474 5664
1475 5665
1476 5666
1477 5667
1478 5668
1479 5669
1480 5670
1481 5671
1482 5672
1483 5673
1484 5674
1485 5675
1486 5676
1487 5681
1488 5682
1489 5683
1490 5684
1491 5685
1492 5686
1493 5687
1494 5688
1495 5689
1496 5690
1497 5691
1498 5692
1499 5693
1500 5694
1501 5695
1502 5696
1503 5697
1504 5698
1505 5699
1506 5700
1507 5701
1508 5702
1509 5703
1510 5704
1511 5705
1512 5706
1513 5707
1514 5708
1515 5709
1516 5710
1517 5711
1518 5712
1519 5713
1520 5714
1521 5715
1522 5716
1523 5717
1524 5718
1525 5719
1526 5720
1527 5721
1528 5722
1529 5723
1530 5724
1531 5725
1532 5726
1533 5727
1534 5728
1535 5729
1536 5737
1537 5738
1538 5740
1539 5741
1540 5743
1541 5748
1542 5750
1543 5756
1544 5760
1545 5765
1546 5766
1547 5770
1548 5771
1549 5772
1550 5773
1551 5774
1552 5775
1553 5776
1554 5777
1555 5778
1556 5779
1557 5780
1558 5781
1559 5782
1560 5783
1561 5784
1562 5785
1563 5786
1564 5787
1565 5788
1566 5792
1567 5793
1568 5794
1569 5795
1570 5797
1571 5800
1572 5801
1573 5802
1574 5803
1575 5805
1576 5806
1577 5807
1578 5808
1579 5811
1580 5812
1581 5813
1582 5814
1583 5815
1584 5816
1585 5818
1586 5819
1587 5820
1588 5821
1589 5822
1590 5823
1591 5824
1592 5825
1593 5826
1594 5827
1595 5828
1596 5829
1597 5830
1598 5832
1599 5833
1600 5834
1601 5835
1602 5836
1603 5837
1604 5838
1605 5840
1606 5842
1607 5845
1608 5846
1609 5847
1610 5848
1611 6014
1612 6015
1613 6016
1614 6017
1615 6018
1616 6019
1617 6020
1618 6021
1619 6022
1620 6023
1621 6024
1622 6025
1623 6026
1624 6027
1625 6028
1626 6029
1627 6030
1628 6031
1629 6032
1630 6033
1631 6039
1632 6040
1633 6041
1634 6042
1635 6044
1636 6047
1637 6048
1638 6051
1639 6053
1640 6054
1641 6055
1642 6057
1643 6058
1644 6059
1645 6061
1646 6062
1647 6063
1648 6064
1649 6065
1650 6066
1651 6067
1652 6068
1653 6069
1654 6070
1655 6071
1656 6073
1657 6074
1658 6078
1659 6079
1660 6080
1661 6082
1662 6083
1663 6084
1664 6089
1665 6090
1666 6091
1667 6092
1668 6093
1669 6094
1670 6095
1671 6096
1672 6097
1673 6098
1674 6099
1675 6100
1676 6101
1677 6102
1678 6104
1679 6105
1680 6107
1681 6108
1682 6110
1683 6111
1684 6112
1685 6113
1686 6115
1687 6117
1688 6118
1689 6119
1690 6120
1691 6121
1692 6122
1693 6123
1694 6124
1695 6125
1696 6126
1697 6132
1698 6135
1699 6136
1700 6137
1701 6138
1702 6139
1703 6142
1704 6145
1705 6146
1706 6147
1707 6148
1708 6149
1709 6150
1710 6151
1711 6152
1712 6153
1713 6154
1714 6156
1715 6157
1716 6158
1717 6159
1718 6160
1719 6161
1720 6162
1721 6163
1722 6164
1723 6165
1724 6166
1725 6167
1726 6168
1727 6169
1728 6170
1729 6171
1730 6172
1731 6173
1732 6174
1733 6175
1734 6176
1735 6178
1736 6179
1737 6180
1738 6181
1739 6182
1740 6183
1741 6184
1742 6185
1743 6186
1744 6187
1745 6188
1746 6189
1747 6191
1748 6192
1749 6193
1750 6194
1751 6195
1752 6197
1753 6203
1754 6204
1755 6206
1756 6207
1757 6208
1758 6209
1759 6210
1760 6211
1761 6212
1762 6213
1763 6214
1764 6215
1765 6216
1766 6217
1767 6218
1768 6219
1769 6220
1770 6221
1771 6222
1772 6223
1773 6224
1774 6225
1775 6226
1776 6227
1777 6228
1778 6229
1779 6230
1780 6231
1781 6232
1782 6234
1783 6235
1784 6236
1785 6237
1786 6238
1787 6239
1788 6240
1789 6241
1790 6242
1791 6243
1792 6244
1793 6249
1794 6250
1795 6251
1796 6259
1797 6260
1798 6261
1799 6262
1800 6265
1801 6279
1802 6280
1803 6281
1804 6282
1805 6283
1806 6284
1807 6285
1808 6286
1809 6288
1810 6289
1811 6290
1812 6291
1813 6292
1814 6293
1815 6294
1816 6295
1817 6296
1818 6300
1819 6301
1820 6302
1821 6303
1822 6305
1823 6306
1824 6307
1825 6308
1826 6309
1827 6311
1828 6313
1829 6314
1830 6316
1831 6317
1832 6318
1833 6319
1834 6320
1835 6321
1836 6322
1837 6333
1838 6334
1839 6336
1840 6337
1841 6338
1842 6339
1843 6341
1844 6351
1845 6352
1846 6356
1847 6357
1848 6358
1849 6360
1850 6361
1851 6362
1852 6363
1853 6364
1854 6365
1855 6366
1856 6367
1857 6368
1858 6369
1859 6370
1860 6371
1861 6372
1862 6373
1863 6374
1864 6375
1865 6376
1866 6377
1867 6378
1868 6379
1869 6380
1870 6381
1871 6382
1872 6383
1873 6384
1874 6385
1875 6386
1876 6387
1877 6388
1878 6389
1879 6390
1880 6391
1881 6392
1882 6393
1883 6396
1884 6397
1885 6398
1886 6399
1887 6400
1888 6401
1889 6402
1890 6403
1891 6404
1892 6405
1893 6406
1894 6407
1895 6408
1896 6409
1897 6410
1898 6412
1899 6414
1900 6415
1901 6416
1902 6417
1903 6418
1904 6419
1905 6420
1906 6421
1907 6422
1908 6423
1909 6424
1910 6425
1911 6426
1912 6427
1913 6428
1914 6429
1915 6430
1916 6432
1917 6435
1918 6438
1919 6440
1920 6441
1921 6443
1922 6444
1923 6445
1924 6446
1925 6447
1926 6450
1927 6451
1928 6452
1929 6453
1930 6458
1931 6460
1932 6461
1933 6462
1934 6474
1935 6476
1936 6478
1937 6479
1938 6480
1939 6482
1940 6483
1941 6484
1942 6487
1943 6488
1944 6489
1945 6490
1946 6494
1947 6498
1948 6499
1949 6502
1950 6503
1951 6504
1952 6505
1953 6506
1954 6507
1955 6508
1956 6509
1957 6513
1958 6514
1959 6515
1960 6516
1961 6517
1962 6518
1963 6519
1964 6520
1965 6521
1966 6522
1967 6523
1968 6525
1969 6526
1970 6527
1971 6528
1972 6531
1973 6532
1974 6533
1975 6534
1976 6537
1977 6538
1978 6539
1979 6540
1980 6541
1981 6542
1982 6544
1983 6545
1984 6546
1985 6547
1986 6548
1987 6552
1988 6561
1989 6565
1990 6567
1991 6568
1992 6570
1993 6571
1994 6572
1995 6573
1996 6574
1997 6575
1998 6576
1999 6577
2000 6579
2001 6580
2002 6581
2003 6583
2004 6584
2005 6585
2006 6586
2007 6587
2008 6588
2009 6590
2010 6591
2011 6592
2012 6593
2013 6594
2014 6595
2015 6596
2016 6597
2017 6598
2018 6599
2019 6600
2020 6601
2021 6602
2022 6603
2023 6604
2024 6605
2025 6606
2026 6607
2027 6608
2028 6609
2029 6610
2030 6611
2031 6612
2032 6613
2033 6614
2034 6615
2035 6616
2036 6617
2037 6618
2038 6619
2039 6620
2040 6621
2041 6622
2042 6623
2043 6624
2044 6625
2045 6626
2046 6627
2047 6628
2048 6629
2049 6630
2050 6631
2051 6632
2052 6633
2053 6634
2054 6635
2055 6636
2056 6637
2057 6638
2058 6639
2059 6640
2060 6641
2061 6642
2062 6643
2063 6644
2064 6645
2065 6646
2066 6647
2067 6648
2068 6649
2069 6650
2070 6651
2071 6653
2072 6654
2073 6655
2074 6656
2075 6657
2076 6659
2077 6660
2078 6661
2079 6667
2080 6668
2081 6679
2082 6682
2083 6684
2084 6686
2085 6687
2086 6689
2087 6690
2088 6699
2089 6700
2090 6701
2091 6702
2092 6703
2093 6704
2094 6707
2095 6708
2096 6709
2097 6710
2098 6712
2099 6713
2100 6714
2101 6715
2102 6716
2103 6717
2104 6721
2105 6724
2106 6725
2107 6726
2108 6727
2109 6728
2110 6729
2111 6730
2112 6731
2113 6732
2114 6734
2115 6735
2116 6744
2117 6745
2118 6746
2119 6749
2120 6751
2121 6752
2122 6753
2123 6758
2124 6761
2125 6764
2126 6766
2127 6768
2128 6771
2129 6773
2130 6775
2131 6777
2132 6778
2133 6779
2134 6780
2135 6781
2136 6782
2137 6783
2138 6784
2139 6785
2140 6786
2141 6788
2142 6792
2143 6795
2144 6797
2145 6802
2146 6804
2147 6805
2148 6806
2149 6807
2150 6811
2151 6812
2152 6816
2153 6817
2154 6818
2155 6821
2156 6824
2157 6826
2158 6827
2159 6828
2160 6829
2161 6830
2162 6831
2163 6832
2164 6833
2165 6834
2166 6835
2167 6836
2168 6837
2169 6838
2170 6839
2171 6841
2172 6842
2173 6843
2174 6844
2175 6845
2176 6847
2177 6848
2178 6849
2179 6850
2180 6851
2181 6852
2182 6853
2183 6854
2184 6855
2185 6856
2186 6857
2187 6859
2188 6860
2189 6861
2190 6862
2191 6863
2192 6864
2193 6865
2194 6866
2195 6867
2196 6868
2197 6869
2198 6870
2199 6871
2200 6872
2201 6873
2202 6874
2203 6875
2204 6876
2205 6877
2206 6878
2207 6879
2208 6880
2209 6881
2210 6882
2211 6883
2212 6887
2213 6892
2214 6893
2215 6894
2216 6895
2217 6896
2218 6899
2219 6900
2220 6901
2221 6902
2222 6904
2223 6905
2224 6907
2225 6908
2226 6911
2227 6914
2228 6915
2229 6918
2230 6922
2231 6923
2232 6924
2233 6925
2234 6926
2235 6927
2236 6928
2237 6929
2238 6930
2239 6931
2240 6932
2241 6933
2242 6934
2243 6935
2244 6936
2245 6937
2246 6940
2247 6941
2248 6942
2249 6943
2250 6944
2251 6945
2252 6946
2253 6947
2254 6948
2255 6949
2256 6950
2257 6951
2258 6952
2259 6953
2260 6954
2261 6955
2262 6956
2263 6957
2264 6958
2265 6959
2266 6960
2267 6962
2268 6963
2269 6964
2270 6965
2271 6966
2272 6967
2273 6968
2274 6969
2275 6970
2276 6971
2277 6972
2278 6976
2279 6979
2280 6980
2281 6981
2282 6982
2283 6983
2284 6984
2285 6985
2286 6986
2287 6987
2288 6988
2289 6989
2290 6990
2291 6996
2292 6997
2293 6998
2294 6999
2295 7000
2296 7001
2297 7002
2298 7004
2299 7005
2300 7006
2301 7007
2302 7008
2303 7009
2304 7011
2305 7016
2306 7017
2307 7019
2308 7020
2309 7021
2310 7022
2311 7023
2312 7024
2313 7025
2314 7026
2315 7027
2316 7028
2317 7029
2318 7030
2319 7031
2320 7032
2321 7033
2322 7034
2323 7035
2324 7037
2325 7038
2326 7040
2327 7041
2328 7042
2329 7043
2330 7044
2331 7045
2332 7046
2333 7047
2334 7048
2335 7049
2336 7050
2337 7051
2338 7052
2339 7053
2340 7054
2341 7055
2342 7056
2343 7057
2344 7058
2345 7059
2346 7060
2347 7061
2348 7062
2349 7063
2350 7064
2351 7065
2352 7066
2353 7067
2354 7068
2355 7069
2356 7073
2357 7074
2358 7076
2359 7078
2360 7081
2361 7083
2362 7085
2363 7086
2364 7087
2365 7088
2366 7089
2367 7090
2368 7091
2369 7094
2370 7095
2371 7098
2372 7100
2373 7105
2374 7106
2375 7107
2376 7108
2377 7109
2378 7110
2379 7111
2380 7112
2381 7113
2382 7114
2383 7115
2384 7116
2385 7120
2386 7121
2387 7122
2388 7130
2389 7131
2390 7135
2391 7138
2392 7139
2393 7140
2394 7141
2395 7143
2396 7144
2397 7145
2398 7146
2399 7147
2400 7150
2401 7151
2402 7152
2403 7153
2404 7154
2405 7155
2406 7156
2407 7157
2408 7158
2409 7159
2410 7160
2411 7162
2412 7163
2413 7164
2414 7168
2415 7169
2416 7170
2417 7172
2418 7173
2419 7174
2420 7175
2421 7177
2422 7178
2423 7179
2424 7180
2425 7181
2426 7182
2427 7183
2428 7184
2429 7185
2430 7187
2431 7188
2432 7190
2433 7195
2434 7196
2435 7197
2436 7198
2437 7199
2438 7201
2439 7202
2440 7203
2441 7204
2442 7205
2443 7206
2444 7207
2445 7208
2446 7209
2447 7210
2448 7214
2449 7215
2450 7217
2451 7218
2452 7219
2453 7220
2454 7221
2455 7222
2456 7223
2457 7224
2458 7225
2459 7226
2460 7227
2461 7228
2462 7229
2463 7230
2464 7231
2465 7232
2466 7233
2467 7237
2468 7238
2469 7241
2470 7242
2471 7243
2472 7244
2473 7245
2474 7246
2475 7247
2476 7248
2477 7249
2478 7250
2479 7251
2480 7252
2481 7253
2482 7254
2483 7255
2484 7256
2485 7257
2486 7258
2487 7259
2488 7260
2489 7261
2490 7262
2491 7263
2492 7264
2493 7265
2494 7266
2495 7267
2496 7268
2497 7269
2498 7270
2499 7271
2500 7272
2501 7273
2502 7274
2503 7275
2504 7276
2505 7277
2506 7278
2507 7279
2508 7280
2509 7283
2510 7284
2511 7285
2512 7286
2513 7287
2514 7288
2515 7289
2516 7290
2517 7291
2518 7292
2519 7293
2520 7294
2521 7295
2522 7296
2523 7297
2524 7298
2525 7299
2526 7300
2527 7301
2528 7302
2529 7303
2530 7304
2531 7306
2532 7307
2533 7308
2534 7309
2535 7310
2536 7311
2537 7313
2538 7314
2539 7315
2540 7316
2541 7317
2542 7318
2543 7319
2544 7320
2545 7321
2546 7322
2547 7323
2548 7324
2549 7325
2550 7326
2551 7327
2552 7328
2553 7329
2554 7330
2555 7331
2556 7332
2557 7333
2558 7334
2559 7335
2560 7336
2561 7337
2562 7338
2563 7339
2564 7340
2565 7341
2566 7342
2567 7343
2568 7344
2569 7345
2570 7346
2571 7347
2572 7348
2573 7349
2574 7350
2575 7351
2576 7352
2577 7353
2578 7354
2579 7355
2580 7356
2581 7357
2582 7358
2583 7359
2584 7360
2585 7361
2586 7362
2587 7363
2588 7364
2589 7365
2590 7366
2591 7367
2592 7368
2593 7369
2594 7370
2595 7371
2596 7372
2597 7373
2598 7374
2599 7375
2600 7376
2601 7377
2602 7378
2603 7379
2604 7380
2605 7381
2606 7382
2607 7383
2608 7384
2609 7385
2610 7386
2611 7387
2612 7388
2613 7389
2614 7391
2615 7392
2616 7393
2617 7394
2618 7395
2619 7396
2620 7397
2621 7398
2622 7400
2623 7401
2624 7402
2625 7403
2626 7404
2627 7405
2628 7406
2629 7407
2630 7408
2631 7409
2632 7410
2633 7411
2634 7412
2635 7413
2636 7414
2637 7415
2638 7416
2639 7417
2640 7418
2641 7419
2642 7422
2643 7423
2644 7424
2645 7425
2646 7426
2647 7427
2648 7428
2649 7429
2650 7430
2651 7431
2652 7432
2653 7433
2654 7434
2655 7435
2656 7436
2657 7437
2658 7438
2659 7439
2660 7440
2661 7441
2662 7442
2663 7443
2664 7444
2665 7445
2666 7446
2667 7447
2668 7448
2669 7449
2670 7450
2671 7451
2672 7452
2673 7453
2674 7454
2675 7455
2676 7456
2677 7457
2678 7458
2679 7459
2680 7460
2681 7462
2682 7463
2683 7464
2684 7465
2685 7466
2686 7467
2687 7468
2688 7469
2689 7470
2690 7471
2691 7472
2692 7473
2693 7474
2694 7475
2695 7476
2696 7477
2697 7478
2698 7479
2699 7480
2700 7481
2701 7482
2702 7483
2703 7484
2704 7485
2705 7486
2706 7487
2707 7488
2708 7489
2709 7490
2710 7491
2711 7492
2712 7493
2713 7494
2714 7496
2715 7497
2716 7498
2717 7499
2718 7500
2719 7501
2720 7502
2721 7511
2722 7512
2723 7513
2724 7514
2725 7515
2726 7516
2727 7517
2728 7518
2729 7519
2730 7520
2731 7521
2732 7522
2733 7523
2734 7524
2735 7525
2736 7526
2737 7527
2738 7528
2739 7529
2740 7530
2741 7531
2742 7532
2743 7533
2744 7534
2745 7535
2746 7536
2747 7537
2748 7538
2749 7539
2750 7540
2751 7541
2752 7542
2753 7543
2754 7544
2755 7545
2756 7546
2757 7551
2758 7552
2759 7554
2760 7555
2761 7556
2762 7557
2763 7558
2764 7559
2765 7560
2766 7561
2767 7562
2768 7563
2769 7564
2770 7565
2771 7566
2772 7567
2773 7568
2774 7569
2775 7570
2776 7571
2777 7572
2778 7573
2779 7574
2780 7575
2781 7576
2782 7577
2783 7578
2784 7579
2785 7580
2786 7581
2787 7582
2788 7583
2789 7584
2790 7585
2791 7586
2792 7587
2793 7588
2794 7589
2795 7590
2796 7591
2797 7592
2798 7593
2799 7594
2800 7595
2801 7596
2802 7597
2803 7598
2804 7601
2805 7602
2806 7603
2807 7604
2808 7605
2809 7607
2810 7608
2811 7609
2812 7610
2813 7611
2814 7612
2815 7613
2816 7614
2817 7615
2818 7616
2819 7617
2820 7618
2821 7619
2822 7620
2823 7621
2824 7622
2825 7623
2826 7624
2827 7625
2828 7628
2829 7629
2830 7635
2831 7636
2832 7637
2833 7638
2834 7639
2835 7640
2836 7641
2837 7642
2838 7643
2839 7644
2840 7645
2841 7646
2842 7647
2843 7648
2844 7649
2845 7650
2846 7651
2847 7652
2848 7653
2849 7654
2850 7655
2851 7656
2852 7657
2853 7658
2854 7659
2855 7660
2856 7661
2857 7662
2858 7663
2859 7664
2860 7665
2861 7666
2862 7667
2863 7668
2864 7669
2865 7670
2866 7671
2867 7672
2868 7673
2869 7675
2870 7676
2871 7677
2872 7678
2873 7679
2874 7680
2875 7681
2876 7682
2877 7683
2878 7684
2879 7685
2880 7686
2881 7687
2882 7688
2883 7689
2884 7690
2885 7691
2886 7692
2887 7693
2888 7694
2889 7695
2890 7696
2891 7697
2892 7698
2893 7700
2894 7701
2895 7702
2896 7703
2897 7704
2898 7706
2899 7707
2900 7709
2901 7711
2902 7714
2903 7718
2904 7719
2905 7720
2906 7721
2907 7722
2908 7723
2909 7724
2910 7725
2911 7726
2912 7727
2913 7728
2914 7729
2915 7730
2916 7731
2917 7732
2918 7733
2919 7734
2920 7735
2921 7736
2922 7737
2923 7738
2924 7743
2925 7744
2926 7750
2927 7751
2928 7754
2929 7755
2930 7756
2931 7757
2932 7758
2933 7759
2934 7760
2935 7761
2936 7762
2937 7763
2938 7764
2939 7765
2940 7766
2941 7767
2942 7768
2943 7769
2944 7770
2945 7771
2946 7772
2947 7773
2948 7774
2949 7775
2950 7776
2951 7777
2952 7783
2953 7784
2954 7789
2955 7790
2956 7791
2957 7792
2958 7793
2959 7794
2960 7795
2961 7796
2962 7797
2963 7798
2964 7799
2965 7801
2966 7802
2967 7803
2968 7804
2969 7806
2970 7811
2971 7812
2972 7815
2973 7817
2974 7818
2975 7819
2976 7820
2977 7821
2978 7822
2979 7823
2980 7824
2981 7825
2982 7826
2983 7827
2984 7828
2985 7829
2986 7830
2987 7831
2988 7832
2989 7833
2990 7834
2991 7835
2992 7836
2993 7837
2994 7838
2995 7839
2996 7840
2997 7841
2998 7842
2999 7843
3000 7849
3001 7850
3002 7860
3003 7861
3004 7862
3005 7863
3006 7864
3007 7865
3008 7868
3009 7869
3010 7870
3011 7871
3012 7872
3013 7873
3014 7874
3015 7875
3016 7882
3017 7883
3018 7884
3019 7885
3020 7887
3021 7888
3022 7891
3023 7892
3024 7893
3025 7894
3026 7895
3027 7896
3028 7897
3029 7901
3030 7902
3031 7903
3032 7904
3033 7905
3034 7906
3035 7907
3036 7908
3037 7909
3038 7910
3039 7911
3040 7912
3041 7914
3042 7915
3043 7916
3044 7917
3045 7918
3046 7919
3047 7920
3048 7921
3049 7922
3050 7923
3051 7924
3052 7925
3053 7926
3054 7927
3055 7928
3056 7929
3057 7930
3058 7931
3059 7932
3060 7933
3061 7934
3062 7935
3063 7936
3064 7937
3065 7939
3066 7942
3067 7943
3068 7944
3069 7946
3070 7947
3071 7948
3072 7949
3073 7950
3074 7951
3075 7952
3076 7953
3077 7954
3078 7955
3079 7956
3080 7957
3081 7958
3082 7959
3083 7960
3084 7961
3085 7962
3086 7963
3087 7964
3088 7965
3089 7966
3090 7967
3091 7968
3092 7969
3093 7970
3094 7971
3095 7972
3096 7973
3097 7974
3098 7975
3099 7976
3100 7977
3101 7978
3102 7979
3103 7980
3104 7981
3105 7982
3106 7983
3107 7984
3108 7985
3109 7986
3110 7987
3111 7988
3112 7989
3113 7990
3114 7991
3115 7992
3116 7993
3117 7994
3118 7995
3119 7996
3120 7997
3121 7998
3122 7999
3123 8000
3124 8001
3125 8002
3126 8003
3127 8004
3128 8005
3129 8006
3130 8007
3131 8008
3132 8009
3133 8010
3134 8011
3135 8012
3136 8013
3137 8015
3138 8016
3139 8022
3140 8023
3141 8024
3142 8027
3143 8029
3144 8030
3145 8031
3146 8032
3147 8033
3148 8034
3149 8037
3150 8038
3151 8039
3152 8043
3153 8044
3154 8045
3155 8046
3156 8047
3157 8048
3158 8049
3159 8050
3160 8051
3161 8052
3162 8053
3163 8054
3164 8055
3165 8056
3166 8057
3167 8058
3168 8059
3169 8060
3170 8063
3171 8064
3172 8065
3173 8066
3174 8069
3175 8071
3176 8072
3177 8073
3178 8074
3179 8075
3180 8077
3181 8078
3182 8079
3183 8080
3184 8081
3185 8082
3186 8083
3187 8084
3188 8085
3189 8086
3190 8087
3191 8088
3192 8089
3193 8090
3194 8091
3195 8092
3196 8093
3197 8099
3198 8102
3199 8103
3200 8104
3201 8105
3202 8107
3203 8109
3204 8113
3205 8114
3206 8115
3207 8121
3208 8123
3209 8124
3210 8125
3211 8126
3212 8129
3213 8130
3214 8131
3215 8132
3216 8133
3217 8134
3218 8135
3219 8136
3220 8137
3221 8140
3222 8141
3223 8142
3224 8143
3225 8144
3226 8145
3227 8146
3228 8147
3229 8148
3230 8149
3231 8150
3232 8151
3233 8152
3234 8153
3235 8154
3236 8155
3237 8156
3238 8157
3239 8158
3240 8159
3241 8160
3242 8161
3243 8162
3244 8163
3245 8164
3246 8167
3247 8168
3248 8169
3249 8170
3250 8171
3251 8172
3252 8173
3253 8174
3254 8175
3255 8176
3256 8177
3257 8178
3258 8179
3259 8180
3260 8182
3261 8183
3262 8187
3263 8188
3264 8189
3265 8190
3266 8191
3267 8192
3268 8196
3269 8197
3270 8198
3271 8199
3272 8200
3273 8201
3274 8205
3275 8208
3276 8211
3277 8212
3278 8213
3279 8214
3280 8215
3281 8216
3282 8217
3283 8218
3284 8219
3285 8220
3286 8221
3287 8222
3288 8225
3289 8226
3290 8227
3291 8228
3292 8229
3293 8230
3294 8231
3295 8232
3296 8233
3297 8234
3298 8236
3299 8237
3300 8238
3301 8239
3302 8240
3303 8241
3304 8242
3305 8244
3306 8246
3307 8247
3308 8248
3309 8249
3310 8250
3311 8251
3312 8252
3313 8255
3314 8256
3315 8257
3316 8259
3317 8260
3318 8261
3319 8262
3320 8263
3321 8264
3322 8265
3323 8266
3324 8267
3325 8268
3326 8269
3327 8270
3328 8271
3329 8272
3330 8273
3331 8274
3332 8275
3333 8276
3334 8277
3335 8278
3336 8279
3337 8280
3338 8281
3339 8282
3340 8283
3341 8284
3342 8285
3343 8286
3344 8287
3345 8288
3346 8289
3347 8291
3348 8292
3349 8294
3350 8296
3351 8297
3352 8299
3353 8300
3354 8301
3355 8306
3356 8307
3357 8308
3358 8309
3359 8310
3360 8311
3361 8314
3362 8315
3363 8316
3364 8317
3365 8318
3366 8319
3367 8320
3368 8321
3369 8324
3370 8330
3371 8331
3372 8332
3373 8333
3374 8334
3375 8335
3376 8336
3377 8337
3378 8338
3379 8340
3380 8341
3381 8343
3382 8348
3383 8349
3384 8366
3385 8380
3386 8381
3387 8382
3388 8384
3389 8385
3390 8386
3391 8387
3392 8388
3393 8389
3394 8390
3395 8391
3396 8394
3397 8396
3398 8397
3399 8398
3400 8399
3401 8400
3402 8401
3403 8402
3404 8404
3405 8406
3406 8407
3407 8410
3408 8411
3409 8413
3410 8415
3411 8416
3412 8418
3413 8419
3414 8420
3415 8421
3416 8422
3417 8428
3418 8429
3419 8432
3420 8433
3421 8434
3422 8436
3423 8441
3424 8443
3425 8448
3426 8461
3427 8464
3428 8465
3429 8466
3430 8469
3431 8470
3432 8472
3433 8473
3434 8474
3435 8475
3436 8476
3437 8477
3438 8478
3439 8479
3440 8480
3441 8481
3442 8482
3443 8483
3444 8484
3445 8486
3446 8487
3447 8491
3448 8495
3449 8508
3450 8509
3451 8514
3452 8515
3453 8517
3454 8518
3455 8519
3456 8520
3457 8521
3458 8524
3459 8526
3460 8527
3461 8528
3462 8529
3463 8530
3464 8531
3465 8537
3466 8539
3467 8540
3468 8541
3469 8542
3470 8543
3471 8547
3472 8548
3473 8549
3474 8550
3475 8551
3476 8552
3477 8553
3478 8554
3479 8555
3480 8556
3481 8558
3482 8559
3483 8560
3484 8561
3485 8562
3486 8563
3487 8565
3488 8566
3489 8567
3490 8568
3491 8569
3492 8570
3493 8571
3494 8574
3495 8575
3496 8576
3497 8577
3498 8578
3499 8579
3500 8580
3501 8581
3502 8582
3503 8583
3504 8586
3505 8587
3506 8588
3507 8590
3508 8591
3509 8593
3510 8594
3511 8595
3512 8601
3513 8602
3514 8603
3515 8604
3516 8605
3517 8607
3518 8608
3519 8609
3520 8610
3521 8611
3522 8615
3523 8616
3524 8617
3525 8619
3526 8620
3527 8626
3528 8627
3529 8630
3530 8631
3531 8633
3532 8636
3533 8638
3534 8639
3535 8640
