1 10
2 11
3 12
4 13
5 14
6 15
7 16
8 17
9 18
10 19
11 22
12 23
13 24
14 25
15 26
16 27
17 28
18 29
19 32
20 47
21 60
22 62
23 63
24 75
25 76
26 77
27 82
28 83
29 84
30 88
31 90
32 96
33 97
34 101
35 102
36 108
37 109
38 110
39 111
40 112
41 113
42 115
43 117
44 119
45 124
46 127
47 131
48 132
49 133
50 134
51 135
52 138
53 139
54 140
55 142
56 143
57 144
58 145
59 146
60 147
61 148
62 150
63 151
64 152
65 153
66 154
67 155
68 156
69 157
70 158
71 159
72 161
73 162
74 163
75 164
76 166
77 183
78 184
79 185
80 186
81 187
82 188
83 189
84 191
85 194
86 195
87 200
88 201
89 202
90 203
91 204
92 206
93 207
94 208
95 209
96 210
97 211
98 212
99 213
100 214
101 216
102 217
103 218
104 219
105 226
106 229
107 230
108 231
109 232
110 233
111 243
112 247
113 248
114 249
115 250
116 254
117 255
118 256
119 257
120 258
121 259
122 260
123 268
124 269
125 270
126 274
127 280
128 282
129 286
130 287
131 290
132 293
133 294
134 295
135 297
136 298
137 299
138 300
139 301
140 302
141 303
142 304
143 305
144 306
145 307
146 308
147 309
148 312
149 313
150 314
151 315
152 316
153 317
154 318
155 319
156 329
157 333
158 334
159 335
160 336
161 337
162 341
163 344
164 345
165 346
166 347
167 348
168 351
169 352
170 354
171 355
172 357
173 361
174 362
175 369
176 370
177 371
178 372
179 373
180 374
181 375
182 385
183 386
184 388
185 389
186 391
187 392
188 394
189 395
190 396
191 407
192 408
193 409
194 410
195 415
196 418
197 420
198 421
199 422
200 424
201 425
202 428
203 430
204 432
205 434
206 437
207 441
208 446
209 447
210 450
211 451
212 462
213 466
214 469
215 471
216 474
217 476
218 477
219 479
220 488
221 489
222 490
223 491
224 492
225 493
226 496
227 497
228 498
229 499
230 500
231 509
232 512
233 513
234 514
235 515
236 516
237 522
238 523
239 524
240 525
241 526
242 528
243 532
244 535
245 539
246 541
247 542
248 543
249 545
250 546
251 547
252 548
253 549
254 550
255 551
256 552
257 553
258 557
259 558
260 560
261 561
262 562
263 563
264 564
265 565
266 567
267 568
268 572
269 576
270 577
271 581
272 582
273 588
274 589
275 590
276 591
277 593
278 594
279 595
280 596
281 597
282 598
283 599
284 600
285 603
286 606
287 607
288 611
289 612
290 614
291 615
292 616
293 617
294 618
295 619
296 622
297 623
298 625
299 629
300 632
301 633
302 634
303 635
304 636
305 637
306 638
307 639
308 642
309 643
310 644
311 645
312 646
313 647
314 648
315 649
316 650
317 651
318 652
319 653
320 654
321 655
322 656
323 657
324 658
325 659
326 660
327 661
328 662
329 663
330 664
331 665
332 666
333 667
334 668
335 669
336 670
337 671
338 673
339 678
340 679
341 680
342 681
343 682
344 683
345 684
346 685
347 686
348 687
349 688
350 689
351 690
352 691
353 703
354 710
355 717
356 723
357 725
358 727
359 728
360 734
361 740
362 741
363 742
364 743
365 744
366 757
367 762
368 764
369 767
370 769
371 770
372 771
373 772
374 809
375 810
376 811
377 823
378 835
379 836
380 838
381 862
382 863
383 864
384 868
385 870
386 876
387 879
388 880
389 884
390 885
391 886
392 887
393 888
394 890
395 891
396 895
397 903
398 911
399 912
400 923
401 926
402 927
403 931
404 951
405 952
406 953
407 969
408 970
409 982
410 983
411 984
412 986
413 992
414 993
415 998
416 1005
417 1006
418 1013
419 1015
420 1018
421 1021
422 1023
423 1024
424 1025
425 1026
426 1029
427 1043
428 1044
429 1049
430 1060
431 1065
432 1072
433 1074
434 1076
435 1077
436 1093
437 1096
438 1105
439 1109
440 1110
441 1111
442 1113
443 1116
444 1117
445 1118
446 1123
447 1130
448 1131
449 1132
450 1133
451 1134
452 1135
453 1136
454 1137
455 1153
456 1154
457 1155
458 1156
459 1157
460 1158
461 1161
462 1162
463 1210
464 1212
465 1215
466 1230
467 1234
468 1236
469 1239
470 1240
471 1241
472 1252
473 1256
474 1257
475 1258
476 1265
477 1277
478 1289
479 1334
480 1339
481 1346
482 1348
483 1354
484 1355
485 1356
486 1357
487 1358
488 1359
489 1360
490 1362
491 1372
492 1377
493 1383
494 1385
495 1386
496 1396
497 1397
498 1399
499 1416
500 1483
501 1484
502 1489
503 1490
504 1491
505 1506
506 1513
507 1514
508 1517
509 1519
510 1520
511 1522
512 1524
513 1525
514 1526
515 1533
516 1535
517 1539
518 1548
519 1549
520 1550
521 1563
522 1564
523 1565
524 1582
525 1591
526 1603
527 1604
528 1605
529 1606
530 1607
531 1614
532 1617
533 1622
534 1623
535 1626
536 1627
537 1628
538 1639
539 1653
540 1654
541 1660
542 1661
543 1672
544 1700
545 1701
546 1711
547 1712
548 1713
549 1714
550 1715
551 1725
552 1730
553 1731
554 1732
555 1734
556 1735
557 1736
558 1737
559 1738
560 1740
561 1741
562 1742
563 1745
564 1746
565 1758
566 1759
567 1760
568 1762
569 1763
570 1764
571 1765
572 1779
573 1806
574 1807
575 1808
576 1809
577 1810
578 1811
579 1812
580 1813
581 1814
582 1815
583 1825
584 1826
585 1827
586 1828
587 1829
588 1831
589 1832
590 1833
591 1834
592 1835
593 1836
594 1837
595 1838
596 1841
597 1842
598 1843
599 1844
600 1845
601 1846
602 1848
603 1849
604 1850
605 1851
606 1852
607 1855
608 1856
609 1857
610 1858
611 1859
612 1860
613 1861
614 1862
615 1866
616 1867
617 1868
618 1869
619 1870
620 1871
621 1873
622 1874
623 1875
624 1876
625 1881
626 1882
627 1883
628 1884
629 1886
630 1887
631 1888
632 1889
633 1890
634 1892
635 1893
636 1894
637 1895
638 1896
639 1898
640 1899
641 1900
642 1901
643 1902
644 1903
645 1904
646 1905
647 1906
648 1907
649 1910
650 1911
651 1912
652 1918
653 1919
654 1920
655 1925
656 1926
657 1927
658 1932
659 1934
660 1935
661 1936
662 1941
663 1942
664 1943
665 1944
666 1949
667 1950
668 1951
669 1953
670 1954
671 1957
672 1958
673 1959
674 1963
675 1965
676 1966
677 1969
678 1971
679 1975
680 1977
681 1978
682 1981
683 1984
684 1989
685 1990
686 1991
687 1995
688 1996
689 1997
690 1998
691 2006
692 2007
693 2008
694 2009
695 2011
696 2012
697 2013
698 2014
699 2015
700 2016
701 2017
702 2018
703 2019
704 2020
705 2021
706 2022
707 2025
708 2026
709 2027
710 2028
711 2029
712 2030
713 2031
714 2032
715 2033
716 2034
717 2040
718 2047
719 2048
720 2061
721 2062
722 2063
723 2068
724 2070
725 2071
726 2073
727 2074
728 2075
729 2076
730 2077
731 2078
732 2079
733 2080
734 2081
735 2082
736 2083
737 2084
738 2085
739 2086
740 2091
741 2092
742 2093
743 2094
744 2095
745 2096
746 2097
747 2098
748 2099
749 2100
750 2101
751 2102
752 2103
753 2104
754 2105
755 2106
756 2107
757 2109
758 2110
759 2117
760 2118
761 2122
762 2123
763 2152
764 2153
765 2154
766 2155
767 2162
768 2163
769 2164
770 2165
771 2166
772 2167
773 2169
774 2171
775 2174
776 2175
777 2177
778 2178
779 2187
780 2188
781 2189
782 2190
783 2191
784 2195
785 2196
786 2197
787 2198
788 2199
789 2200
790 2201
791 2205
792 2206
793 2208
794 2209
795 2210
796 2211
797 2213
798 2221
799 2222
800 2223
801 2224
802 2227
803 2228
804 2229
805 2230
806 2232
807 2234
808 2235
809 2236
810 2237
811 2238
812 2239
813 2240
814 2241
815 2242
816 2243
817 2244
818 2245
819 2248
820 2249
821 2250
822 2256
823 2257
824 2258
825 2270
826 2273
827 2278
828 2280
829 2281
830 2294
831 2295
832 2296
833 2298
834 2299
835 2300
836 2301
837 2303
838 2305
839 2310
840 2311
841 2312
842 2313
843 2314
844 2320
845 2324
846 2325
847 2328
848 2329
849 2330
850 2331
851 2333
852 2338
853 2339
854 2351
855 2355
856 2356
857 2358
858 2359
859 2361
860 2364
861 2366
862 2373
863 2374
864 2384
865 2385
866 2386
867 2387
868 2397
869 2400
870 2403
871 2405
872 2406
873 2407
874 2408
875 2409
876 2411
877 2412
878 2413
879 2414
880 2415
881 2423
882 2430
883 2431
884 2432
885 2435
886 2436
887 2437
888 2439
889 2452
890 2453
891 2454
892 2455
893 2458
894 2460
895 2461
896 2462
897 2465
898 2466
899 2470
900 2473
901 2474
902 2480
903 2481
904 2482
905 2483
906 2485
907 2489
908 2496
909 2497
910 2498
911 2503
912 2504
913 2505
914 2506
915 2507
916 2508
917 2518
918 2520
919 2523
920 2524
921 2525
922 2526
923 2527
924 2528
925 2531
926 2532
927 2537
928 2538
929 2539
930 2540
931 2546
932 2547
933 2549
934 2550
935 2551
936 2552
937 2553
938 2558
939 2560
940 2561
941 2562
942 2563
943 2564
944 2565
945 2572
946 2573
947 2575
948 2576
949 2577
950 2578
951 2583
952 2584
953 2585
954 2586
955 2587
956 2588
957 2589
958 2590
959 2591
960 2592
961 2593
962 2594
963 2595
964 2596
965 2597
966 2598
967 2599
968 2600
969 2605
970 2606
971 2607
972 2608
973 2610
974 2614
975 2615
976 2616
977 2617
978 2618
979 2619
980 2620
981 2623
982 2624
983 2625
984 2635
985 2636
986 2637
987 2638
988 2639
989 2641
990 2642
991 2643
992 2644
993 2646
994 2651
995 2660
996 2661
997 2662
998 2663
999 2664
1000 2665
1001 2666
1002 2667
1003 2668
1004 2670
1005 2671
1006 2672
1007 2673
1008 2674
1009 2676
1010 2677
1011 2678
1012 2679
1013 2680
1014 2681
1015 2682
1016 2685
1017 2686
1018 2687
1019 2688
1020 2691
1021 2692
1022 2693
1023 2694
1024 2695
1025 2697
1026 2699
1027 2700
1028 2701
1029 2702
1030 2705
1031 2706
1032 2707
1033 2708
1034 2713
1035 2715
1036 2716
1037 2719
1038 2721
1039 2737
1040 2741
1041 2749
1042 2756
1043 2757
1044 2759
1045 2760
1046 2770
1047 2771
1048 2772
1049 2775
1050 2780
1051 2784
1052 2789
1053 2791
1054 2792
1055 2793
1056 2794
1057 2795
1058 2796
1059 2808
1060 2828
1061 2837
1062 2857
1063 2858
1064 2859
1065 2860
1066 2862
1067 2865
1068 2869
1069 2870
1070 2871
1071 2873
1072 2874
1073 2875
1074 2876
1075 2877
1076 2878
1077 2879
1078 2880
1079 2881
1080 2882
1081 2885
1082 2887
1083 2893
1084 2894
1085 2900
1086 2902
1087 2903
1088 2908
1089 2909
1090 2910
1091 2911
1092 2914
1093 2920
1094 2923
1095 2927
1096 2929
1097 2930
1098 2932
1099 2935
1100 2936
1101 2937
1102 2944
1103 2946
1104 2949
1105 2951
1106 2953
1107 2954
1108 2971
1109 2974
1110 2979
1111 2981
1112 2982
1113 2983
1114 2999
1115 3000
1116 3001
1117 3006
1118 3007
1119 3008
1120 3024
1121 3025
1122 3026
1123 3027
1124 3029
1125 3030
1126 3031
1127 3032
1128 3033
1129 3034
1130 3035
1131 3036
1132 3037
1133 3038
1134 3039
1135 3040
1136 3041
1137 3042
1138 3043
1139 3044
1140 3045
1141 3050
1142 3057
1143 3059
1144 3061
1145 3068
1146 3078
1147 3079
1148 3080
1149 3081
1150 3084
1151 3087
1152 3088
1153 3089
1154 3091
1155 3092
1156 3093
1157 3114
1158 3127
1159 3129
1160 3130
1161 3132
1162 3134
1163 3143
1164 3144
1165 3145
1166 3147
1167 3162
1168 3200
1169 3202
1170 3203
1171 3204
1172 3205
1173 3217
1174 3234
1175 3235
1176 3238
1177 3240
1178 3243
1179 3245
1180 3246
1181 3247
1182 3282
1183 3381
1184 3389
1185 3392
1186 3393
1187 3394
1188 3396
1189 3412
1190 3413
1191 3414
1192 3426
1193 3434
1194 3435
1195 3436
1196 3438
1197 3439
1198 3442
1199 3443
1200 3444
1201 3445
1202 3446
1203 3447
1204 3448
1205 3449
1206 3450
1207 3451
1208 3452
1209 3453
1210 3460
1211 3469
1212 3470
1213 3471
1214 3472
1215 3473
1216 3474
1217 3475
1218 3478
1219 3479
1220 3480
1221 3481
1222 3482
1223 3485
1224 3486
1225 3487
1226 3488
1227 3489
1228 3490
1229 3491
1230 3492
1231 3493
1232 3494
1233 3500
1234 3506
1235 3507
1236 3508
1237 3509
1238 3510
1239 3511
1240 3512
1241 3513
1242 3516
1243 3517
1244 3519
1245 3522
1246 3524
1247 3525
1248 3528
1249 3529
1250 3530
1251 3531
1252 3532
1253 3533
1254 3534
1255 3535
1256 3536
1257 3538
1258 3539
1259 3540
1260 3541
1261 3542
1262 3543
1263 3544
1264 3545
1265 3546
1266 3547
1267 3549
1268 3550
1269 3551
1270 3552
1271 3556
1272 3557
1273 3558
1274 3559
1275 3560
1276 3561
1277 3562
1278 3563
1279 3564
1280 3565
1281 3566
1282 3567
1283 3568
1284 3569
1285 3570
1286 3571
1287 3573
1288 3577
1289 3578
1290 3579
1291 3580
1292 3581
1293 3582
1294 3583
1295 3584
1296 3585
1297 3586
1298 3587
1299 3588
1300 3589
1301 3593
1302 3594
1303 3595
1304 3596
1305 3597
1306 3598
1307 3599
1308 3600
1309 3601
1310 3602
1311 3603
1312 3604
1313 3605
1314 3608
1315 3609
1316 3610
1317 3611
1318 3612
1319 3613
1320 3614
1321 3615
1322 3616
1323 3617
1324 3618
1325 3619
1326 3620
1327 3621
1328 3622
1329 3623
1330 3625
1331 3626
1332 3627
1333 3628
1334 3629
1335 3633
1336 3634
1337 3635
1338 3636
1339 3637
1340 3638
1341 3648
1342 3649
1343 3653
1344 3659
1345 3664
1346 3665
1347 3666
1348 3667
1349 3668
1350 3669
1351 3670
1352 3671
1353 3672
1354 3684
1355 3685
1356 3686
1357 3687
1358 3688
1359 3689
1360 3692
1361 3694
1362 3695
1363 3698
1364 3699
1365 3700
1366 3721
1367 3722
1368 3727
1369 3728
1370 3729
1371 3730
1372 3731
1373 3736
1374 3737
1375 3738
1376 3739
1377 3740
1378 3741
1379 3742
1380 3745
1381 3746
1382 3747
1383 3748
1384 3749
1385 3750
1386 3751
1387 3757
1388 3759
1389 3763
1390 3764
1391 3765
1392 3774
1393 3777
1394 3778
1395 3779
1396 3785
1397 3792
1398 3794
1399 3795
1400 3796
1401 3797
1402 3798
1403 3799
1404 3800
1405 3801
1406 3802
1407 3803
1408 3804
1409 3806
1410 3808
1411 3816
1412 3819
1413 3822
1414 3825
1415 3840
1416 3841
1417 3857
1418 3863
1419 3882
1420 3883
1421 3884
1422 3885
1423 3886
1424 3897
1425 3900
1426 3906
1427 3907
1428 3913
1429 3914
1430 3915
1431 3916
1432 3919
1433 3920
1434 3923
1435 3925
1436 3926
1437 3927
1438 3934
1439 3935
1440 3938
1441 3941
1442 3942
1443 3944
1444 3945
1445 3953
1446 3956
1447 3958
1448 3959
1449 3960
1450 3966
1451 3970
1452 3971
1453 3972
1454 3973
1455 3974
1456 3975
1457 3976
1458 3977
1459 3978
1460 3979
1461 3981
1462 3983
1463 3984
1464 3985
1465 3986
1466 3987
1467 3988
1468 3995
1469 3996
1470 3998
1471 3999
1472 4006
1473 4007
1474 4008
1475 4009
1476 4015
1477 4016
1478 4017
1479 4018
1480 4019
1481 4020
1482 4021
1483 4022
1484 4023
1485 4024
1486 4026
1487 4027
1488 4029
1489 4030
1490 4049
1491 4050
1492 4051
1493 4062
1494 4063
1495 4067
1496 4068
1497 4069
1498 4070
1499 4074
1500 4079
1501 4080
1502 4086
1503 4088
1504 4090
1505 4092
1506 4094
1507 4095
1508 4096
1509 4097
1510 4099
1511 4101
1512 4103
1513 4104
1514 4105
1515 4106
1516 4107
1517 4108
1518 4109
1519 4112
1520 4114
1521 4116
1522 4117
1523 4118
1524 4119
1525 4120
1526 4124
1527 4127
1528 4128
1529 4130
1530 4133
1531 4137
1532 4138
1533 4139
1534 4140
1535 4142
1536 4145
1537 4147
1538 4150
1539 4151
1540 4152
1541 4153
1542 4154
1543 4155
1544 4157
1545 4169
1546 4170
1547 4171
1548 4172
1549 4173
1550 4174
1551 4180
1552 4181
1553 4184
1554 4189
1555 4190
1556 4191
1557 4207
1558 4208
1559 4209
1560 4222
1561 4226
1562 4227
1563 4231
1564 4232
1565 4234
1566 4236
1567 4237
1568 4240
1569 4242
1570 4243
1571 4246
1572 4247
1573 4248
1574 4249
1575 4255
1576 4256
1577 4261
1578 4262
1579 4264
1580 4270
1581 4272
1582 4281
1583 4288
1584 4290
1585 4291
1586 4292
1587 4293
1588 4294
1589 4295
1590 4296
1591 4297
1592 4298
1593 4299
1594 4300
1595 4303
1596 4304
1597 4305
1598 4306
1599 4314
1600 4318
1601 4319
1602 4334
1603 4335
1604 4340
1605 4341
1606 4342
1607 4364
1608 4366
1609 4367
1610 4368
1611 4369
1612 4378
1613 4379
1614 4382
1615 4383
1616 4384
1617 4385
1618 4386
1619 4389
1620 4390
1621 4391
1622 4392
1623 4393
1624 4394
1625 4396
1626 4397
1627 4398
1628 4406
1629 4409
1630 4410
1631 4413
1632 4424
1633 4427
1634 4429
1635 4442
1636 4449
1637 4454
1638 4455
1639 4470
1640 4471
1641 4472
1642 4473
1643 4474
1644 4475
1645 4476
1646 4477
1647 4478
1648 4479
1649 4480
1650 4483
1651 4484
1652 4485
1653 4486
1654 4487
1655 4488
1656 4489
1657 4492
1658 4497
1659 4499
1660 4501
1661 4502
1662 4503
1663 4505
1664 4506
1665 4507
1666 4508
1667 4522
1668 4523
1669 4574
1670 4580
1671 4581
1672 4582
1673 4596
1674 4597
1675 4598
1676 4599
1677 4607
1678 4608
1679 4609
1680 4610
1681 4612
1682 4618
1683 4620
1684 4621
1685 4629
1686 4630
1687 4631
1688 4634
1689 4635
1690 4637
1691 4639
1692 4640
1693 4642
1694 4643
1695 4644
1696 4646
1697 4647
1698 4648
1699 4650
1700 4651
1701 4652
1702 4653
1703 4654
1704 4655
1705 4656
1706 4657
1707 4658
1708 4661
1709 4662
1710 4664
1711 4665
1712 4666
1713 4668
1714 4669
1715 4670
1716 4671
1717 4672
1718 4673
1719 4674
1720 4675
1721 4676
1722 4677
1723 4678
1724 4683
1725 4686
1726 4687
1727 4688
1728 4690
1729 4691
1730 4693
1731 4694
1732 4706
1733 4707
1734 4708
1735 4709
1736 4719
1737 4722
1738 4723
1739 4724
1740 4725
1741 4726
1742 4728
1743 4730
1744 4731
1745 4732
1746 4733
1747 4734
1748 4735
1749 4737
1750 4738
1751 4739
1752 4740
1753 4745
1754 4746
1755 4747
1756 4750
1757 4751
1758 4752
1759 4753
1760 4763
1761 4766
1762 4770
1763 4774
1764 4782
1765 4783
1766 4794
1767 4795
1768 4796
1769 4808
1770 4809
1771 4810
1772 4815
1773 4817
1774 4818
1775 4819
1776 4820
1777 4821
1778 4822
1779 4823
1780 4824
1781 4825
1782 4826
1783 4827
1784 4830
1785 4831
1786 4832
1787 4833
1788 4835
1789 4836
1790 4837
1791 4839
1792 4841
1793 4843
1794 4846
1795 4848
1796 4856
1797 4860
1798 4861
1799 4862
1800 4863
1801 4864
1802 4866
1803 4869
1804 4870
1805 4871
1806 4872
1807 4873
1808 4874
1809 4882
1810 4883
1811 4888
1812 4890
1813 4892
1814 4893
1815 4894
1816 4896
1817 4901
1818 4902
1819 4913
1820 4915
1821 4916
1822 4917
1823 4918
1824 4919
1825 4920
1826 4921
1827 4922
1828 4923
1829 4924
1830 4925
1831 4926
1832 4927
1833 4928
1834 4929
1835 4933
1836 4934
1837 4935
1838 4936
1839 4937
1840 4938
1841 4939
1842 4940
1843 4941
1844 4942
1845 4943
1846 4944
1847 4945
1848 4946
1849 4947
1850 4950
1851 4951
1852 4955
1853 4956
1854 4957
1855 4960
1856 4962
1857 4963
1858 4964
1859 4966
1860 4968
1861 4970
1862 4973
1863 4975
1864 4976
1865 4978
1866 4980
1867 4981
1868 4990
1869 4991
1870 4996
1871 4997
1872 4998
1873 5003
1874 5009
1875 5010
1876 5013
1877 5014
1878 5017
1879 5019
1880 5031
1881 5033
1882 5034
1883 5035
1884 5036
1885 5037
1886 5038
1887 5039
1888 5040
1889 5041
1890 5042
1891 5054
1892 5057
1893 5058
1894 5074
1895 5075
1896 5076
1897 5077
1898 5085
1899 5086
1900 5091
1901 5092
1902 5097
1903 5103
1904 5107
1905 5108
1906 5109
1907 5110
1908 5112
1909 5113
1910 5120
1911 5129
1912 5136
1913 5137
1914 5138
1915 5139
1916 5141
1917 5150
1918 5154
1919 5155
1920 5156
1921 5157
1922 5159
1923 5160
1924 5161
1925 5162
1926 5166
1927 5167
1928 5168
1929 5170
1930 5210
1931 5247
1932 5248
1933 5249
1934 5254
1935 5261
1936 5262
1937 5263
1938 5264
1939 5265
1940 5266
1941 5267
1942 5268
1943 5269
1944 5270
1945 5271
1946 5272
1947 5273
1948 5274
1949 5275
1950 5276
1951 5277
1952 5278
1953 5279
1954 5281
1955 5282
1956 5285
1957 5287
1958 5288
1959 5289
1960 5291
1961 5293
1962 5294
1963 5295
1964 5296
1965 5297
1966 5298
1967 5299
1968 5300
1969 5301
1970 5302
1971 5303
1972 5304
1973 5305
1974 5306
1975 5307
1976 5308
1977 5309
1978 5310
1979 5311
1980 5313
1981 5314
1982 5315
1983 5316
1984 5317
1985 5318
1986 5319
1987 5320
1988 5321
1989 5323
1990 5324
1991 5325
1992 5326
1993 5327
1994 5328
1995 5332
1996 5334
1997 5336
1998 5337
1999 5338
2000 5341
2001 5342
2002 5343
2003 5344
2004 5347
2005 5348
2006 5356
2007 5359
2008 5366
2009 5368
2010 5371
2011 5372
2012 5377
2013 5379
2014 5380
2015 5381
2016 5383
2017 5384
2018 5385
2019 5386
2020 5387
2021 5388
2022 5390
2023 5392
2024 5393
2025 5394
2026 5396
2027 5397
2028 5398
2029 5399
2030 5400
2031 5401
2032 5402
2033 5404
2034 5405
2035 5407
2036 5408
2037 5409
2038 5410
2039 5411
2040 5416
2041 5417
2042 5418
2043 5419
2044 5420
2045 5421
2046 5422
2047 5424
2048 5429
2049 5431
2050 5433
2051 5434
2052 5435
2053 5436
2054 5437
2055 5438
2056 5439
2057 5440
2058 5441
2059 5442
2060 5443
2061 5444
2062 5445
2063 5446
2064 5447
2065 5449
2066 5451
2067 5454
2068 5460
2069 5462
2070 5467
2071 5472
2072 5473
2073 5478
2074 5479
2075 5480
2076 5481
2077 5484
2078 5485
2079 5486
2080 5487
2081 5490
2082 5492
2083 5493
2084 5496
2085 5497
2086 5498
2087 5499
2088 5500
2089 5501
2090 5502
2091 5503
2092 5504
2093 5522
2094 5523
2095 5526
2096 5527
2097 5532
2098 5533
2099 5544
2100 5545
2101 5552
2102 5553
2103 5556
2104 5560
2105 5561
2106 5563
2107 5565
2108 5570
2109 5574
2110 5579
2111 5581
2112 5591
2113 5592
2114 5593
2115 5624
2116 5625
2117 5626
2118 5631
2119 5632
2120 5633
2121 5636
2122 5637
2123 5638
2124 5639
2125 5642
2126 5643
2127 5644
2128 5647
2129 5648
2130 5657
2131 5660
2132 5661
2133 5662
2134 5664
2135 5666
2136 5672
2137 5673
2138 5674
2139 5675
2140 5677
2141 5678
2142 5679
2143 5680
2144 5681
2145 5682
2146 5683
2147 5685
2148 5686
2149 5687
2150 5688
2151 5689
2152 5691
2153 5692
2154 5695
2155 5700
2156 5701
2157 5702
2158 5704
2159 5705
2160 5706
2161 5707
2162 5708
2163 5717
2164 5719
2165 5725
2166 5726
2167 5728
2168 5730
2169 5731
2170 5732
2171 5744
2172 5745
2173 5746
2174 5747
2175 5765
2176 5778
2177 5782
2178 5783
2179 5784
2180 5785
2181 5786
2182 5787
2183 5788
2184 5789
2185 5790
2186 5792
2187 5796
2188 5797
2189 5798
2190 5799
2191 5800
2192 5801
2193 5802
2194 5803
2195 5804
2196 5805
2197 5806
2198 5807
2199 5808
2200 5816
2201 5826
2202 5833
2203 5834
2204 5835
2205 5836
2206 5837
2207 5853
2208 5857
2209 5860
2210 5861
2211 5865
2212 5866
2213 5869
2214 5870
2215 5872
2216 5875
2217 5876
2218 5877
2219 5880
2220 5881
2221 5882
2222 5888
2223 5891
2224 5897
2225 5898
2226 5899
2227 5905
2228 5911
2229 5916
2230 5917
2231 5918
2232 5919
2233 5923
2234 5924
2235 5925
2236 5926
2237 5927
2238 5928
2239 5929
2240 5931
2241 5933
2242 5934
2243 5935
2244 5936
2245 5938
2246 5939
2247 5942
2248 5943
2249 5944
2250 5948
2251 5949
2252 5950
2253 5951
2254 5952
2255 5954
2256 5955
2257 5956
2258 5960
2259 5961
2260 5962
2261 5963
2262 5964
2263 5965
2264 5966
2265 5967
2266 5968
2267 5973
2268 5980
2269 5981
2270 5982
2271 5984
2272 5985
2273 5986
2274 5988
2275 5989
2276 5994
2277 5998
2278 5999
2279 6000
2280 6005
2281 6018
2282 6019
2283 6030
2284 6036
2285 6038
2286 6041
2287 6042
2288 6043
2289 6057
2290 6060
2291 6061
2292 6062
2293 6065
2294 6066
2295 6070
2296 6071
2297 6072
2298 6073
2299 6074
2300 6075
2301 6076
2302 6077
2303 6078
2304 6079
2305 6083
2306 6085
2307 6086
2308 6090
2309 6091
2310 6093
2311 6094
2312 6095
2313 6097
2314 6098
2315 6099
2316 6100
2317 6101
2318 6102
2319 6106
2320 6107
2321 6108
2322 6109
2323 6110
2324 6111
2325 6114
2326 6115
2327 6116
2328 6117
2329 6118
2330 6119
2331 6121
2332 6122
2333 6123
2334 6127
2335 6129
2336 6144
2337 6150
2338 6152
2339 6153
2340 6157
2341 6158
2342 6159
2343 6160
2344 6163
2345 6166
2346 6167
2347 6168
2348 6169
2349 6172
2350 6173
2351 6176
2352 6178
2353 6179
2354 6180
2355 6181
2356 6182
2357 6186
2358 6191
2359 6192
2360 6193
2361 6196
2362 6197
2363 6198
2364 6199
2365 6200
2366 6201
2367 6206
2368 6207
2369 6208
2370 6209
2371 6217
2372 6218
2373 6219
2374 6220
2375 6221
2376 6222
2377 6223
2378 6224
2379 6228
2380 6229
2381 6230
2382 6231
2383 6234
2384 6236
2385 6237
2386 6239
2387 6241
2388 6244
2389 6245
2390 6250
2391 6251
2392 6253
2393 6256
2394 6259
2395 6262
2396 6263
2397 6264
2398 6267
2399 6268
2400 6269
2401 6271
2402 6272
2403 6273
2404 6274
2405 6278
2406 6279
2407 6280
2408 6283
2409 6284
2410 6286
2411 6287
2412 6288
2413 6290
2414 6291
2415 6292
2416 6293
2417 6294
2418 6295
2419 6296
2420 6297
2421 6298
2422 6299
2423 6300
2424 6301
2425 6303
2426 6305
2427 6307
2428 6312
2429 6314
2430 6317
2431 6318
2432 6319
2433 6320
2434 6321
2435 6322
2436 6327
2437 6328
2438 6329
2439 6330
2440 6331
2441 6332
2442 6334
2443 6335
2444 6336
2445 6339
2446 6340
2447 6343
2448 6344
2449 6345
2450 6347
2451 6348
2452 6349
2453 6352
2454 6353
2455 6354
2456 6355
2457 6356
2458 6357
2459 6360
2460 6361
2461 6362
2462 6365
2463 6366
2464 6367
2465 6368
2466 6369
2467 6370
2468 6371
2469 6372
2470 6373
2471 6374
2472 6375
2473 6377
2474 6378
2475 6379
2476 6380
2477 6381
2478 6382
2479 6383
2480 6384
2481 6386
2482 6387
2483 6389
2484 6393
2485 6395
2486 6397
2487 6398
2488 6399
2489 6400
2490 6401
2491 6402
2492 6404
2493 6405
2494 6406
2495 6407
2496 6408
2497 6409
2498 6411
2499 6412
2500 6414
2501 6415
2502 6416
2503 6417
2504 6419
2505 6420
2506 6423
2507 6424
2508 6425
2509 6428
2510 6429
2511 6430
2512 6432
2513 6433
2514 6435
2515 6443
2516 6445
2517 6452
2518 6453
2519 6454
2520 6455
2521 6456
2522 6457
2523 6458
2524 6459
2525 6460
2526 6461
2527 6462
2528 6463
2529 6464
2530 6465
2531 6466
2532 6467
2533 6468
2534 6469
2535 6470
2536 6471
2537 6472
2538 6473
2539 6474
2540 6475
2541 6480
2542 6481
2543 6484
2544 6491
2545 6493
2546 6495
2547 6498
2548 6499
2549 6500
2550 6501
2551 6502
2552 6503
2553 6504
2554 6505
2555 6506
2556 6507
2557 6508
2558 6509
2559 6510
2560 6515
2561 6527
2562 6529
2563 6538
2564 6542
2565 6550
2566 6552
