1 5307
2 5308
3 5309
4 5310
5 5311
6 5313
7 5314
8 5315
9 5316
10 5317
11 5318
12 5319
13 5320
14 5321
15 5323
16 5324
17 5325
18 5326
19 5327
20 5328
21 5332
22 5334
23 5336
24 5337
25 5338
26 5341
27 5342
28 5343
29 5344
30 5347
31 5348
32 5356
33 5359
34 5366
35 5368
36 5371
37 5372
38 5377
39 5379
40 5380
41 5381
42 5383
43 5384
44 5385
45 5386
46 5387
47 5388
48 5390
49 5392
50 5393
51 5394
52 5396
53 5397
54 5398
55 5399
56 5400
57 5401
58 5402
59 5404
60 5405
61 5407
62 5408
63 5409
64 5410
65 5411
66 5416
67 5417
68 5418
69 5419
70 5420
71 5421
72 5422
73 5424
74 5429
75 5431
76 5433
77 5434
78 5435
79 5436
80 5437
81 5438
82 5439
83 5440
84 5441
85 5442
86 5443
87 5444
88 5445
89 5446
90 5447
91 5449
92 5451
93 5454
94 5460
95 5462
96 5467
97 5472
98 5473
99 5478
100 5479
101 5480
102 5481
103 5484
104 5485
105 5486
106 5487
107 5490
108 5492
109 5493
110 5496
111 5497
112 5498
113 5499
114 5500
115 5501
116 5502
117 5503
118 5504
119 5522
120 5523
121 5526
122 5527
123 5532
124 5533
125 5544
126 5545
127 5552
128 5553
129 5556
130 5560
131 5561
132 5563
133 5565
134 5570
135 5574
136 5579
137 5581
138 5591
139 5592
140 5593
141 5624
142 5625
143 5626
144 5631
145 5632
146 5633
147 5636
148 5637
149 5638
150 5639
151 5642
152 5643
153 5644
154 5647
155 5648
156 5657
157 5660
158 5661
159 5662
160 5664
