1 4725
2 4726
3 4728
4 4730
5 4731
6 4732
7 4733
8 4734
9 4735
10 4737
11 4738
12 4739
13 4740
14 4745
15 4746
16 4747
17 4750
18 4751
19 4752
20 4753
21 4763
22 4766
23 4770
24 4774
25 4782
26 4783
27 4794
28 4795
29 4796
30 4808
31 4809
32 4810
33 4815
34 4817
35 4818
36 4819
37 4820
38 4821
39 4822
40 4823
41 4824
42 4825
43 4826
44 4827
45 4830
46 4831
47 4832
48 4833
49 4835
50 4836
51 4837
52 4839
53 4841
54 4843
55 4846
56 4848
57 4856
58 4860
59 4861
60 4862
61 4863
62 4864
63 4866
64 4869
65 4870
66 4871
67 4872
68 4873
69 4874
70 4882
71 4883
72 4888
73 4890
74 4892
75 4893
76 4894
77 4896
78 4901
79 4902
80 4913
81 4915
82 4916
83 4917
84 4918
85 4919
86 4920
87 4921
88 4922
89 4923
90 4924
91 4925
92 4926
93 4927
94 4928
95 4929
96 4933
97 4934
98 4935
99 4936
100 4937
101 4938
102 4939
103 4940
104 4941
105 4942
106 4943
107 4944
108 4945
109 4946
110 4947
111 4950
112 4951
113 4955
114 4956
115 4957
116 4960
117 4962
118 4963
119 4964
120 4966
121 4968
122 4970
123 4973
124 4975
125 4976
126 4978
127 4980
128 4981
129 4990
130 4991
131 4996
132 4997
133 4998
134 5003
135 5009
136 5010
137 5013
138 5014
139 5017
140 5019
141 5031
142 5033
143 5034
144 5035
145 5036
146 5037
147 5038
148 5039
149 5040
150 5041
151 5042
152 5054
153 5057
154 5058
155 5074
156 5075
157 5076
158 5077
159 5085
160 5086
161 5091
162 5092
163 5097
164 5103
165 5107
166 5108
167 5109
168 5110
169 5112
170 5113
171 5120
172 5129
173 5136
174 5137
175 5138
176 5139
177 5141
178 5150
179 5154
180 5155
181 5156
182 5157
183 5159
184 5160
185 5161
186 5162
187 5166
188 5167
189 5168
190 5170
191 5210
192 5247
193 5248
194 5249
195 5254
196 5261
197 5262
198 5263
199 5264
200 5265
201 5266
202 5267
203 5268
204 5269
205 5270
206 5271
207 5272
208 5273
209 5274
210 5275
211 5276
212 5277
213 5278
214 5279
215 5281
216 5282
217 5285
218 5287
219 5288
220 5289
221 5291
222 5293
223 5294
224 5295
225 5296
226 5297
227 5298
228 5299
229 5300
230 5301
231 5302
232 5303
233 5304
234 5305
235 5306
