1 3745
2 3746
3 3747
4 3748
5 3749
6 3750
7 3751
8 3757
9 3759
10 3763
11 3764
12 3765
13 3774
14 3777
15 3778
16 3779
17 3785
18 3792
19 3794
20 3795
21 3796
22 3797
23 3798
24 3799
25 3800
26 3801
27 3802
28 3803
29 3804
30 3806
31 3808
32 3816
33 3819
34 3822
35 3825
36 3840
37 3841
38 3857
39 3863
40 3882
41 3883
42 3884
43 3885
44 3886
45 3897
46 3900
47 3906
48 3907
49 3913
50 3914
51 3915
52 3916
53 3919
54 3920
55 3923
56 3925
57 3926
58 3927
59 3934
60 3935
61 3938
62 3941
63 3942
64 3944
65 3945
66 3953
67 3956
68 3958
69 3959
70 3960
71 3966
72 3970
73 3971
74 3972
75 3973
76 3974
77 3975
78 3976
79 3977
80 3978
81 3979
82 3981
83 3983
84 3984
85 3985
86 3986
87 3987
88 3988
89 3995
90 3996
91 3998
92 3999
93 4006
94 4007
95 4008
96 4009
97 4015
98 4016
99 4017
100 4018
101 4019
102 4020
103 4021
104 4022
105 4023
106 4024
107 4026
108 4027
109 4029
110 4030
111 4049
112 4050
113 4051
114 4062
115 4063
116 4067
117 4068
118 4069
119 4070
120 4074
121 4079
122 4080
123 4086
124 4088
125 4090
126 4092
127 4094
128 4095
129 4096
130 4097
131 4099
132 4101
133 4103
134 4104
135 4105
136 4106
137 4107
138 4108
139 4109
140 4112
141 4114
142 4116
143 4117
144 4118
145 4119
146 4120
147 4124
148 4127
149 4128
150 4130
151 4133
152 4137
153 4138
154 4139
155 4140
156 4142
157 4145
158 4147
159 4150
160 4151
161 4152
162 4153
163 4154
164 4155
165 4157
166 4169
167 4170
168 4171
169 4172
170 4173
171 4174
172 4180
173 4181
174 4184
175 4189
176 4190
177 4191
178 4207
179 4208
180 4209
181 4222
182 4226
183 4227
184 4231
185 4232
186 4234
187 4236
188 4237
189 4240
190 4242
191 4243
192 4246
193 4247
194 4248
195 4249
196 4255
197 4256
198 4261
199 4262
200 4264
201 4270
202 4272
203 4281
204 4288
205 4290
206 4291
207 4292
208 4293
209 4294
210 4295
211 4296
212 4297
213 4298
214 4299
215 4300
216 4303
217 4304
218 4305
219 4306
220 4314
221 4318
222 4319
223 4334
224 4335
225 4340
226 4341
227 4342
228 4364
229 4366
230 4367
231 4368
232 4369
233 4378
234 4379
235 4382
236 4383
237 4384
238 4385
239 4386
240 4389
241 4390
242 4391
243 4392
244 4393
245 4394
246 4396
247 4397
248 4398
249 4406
250 4409
251 4410
252 4413
253 4424
254 4427
255 4429
256 4442
257 4449
258 4454
259 4455
260 4470
261 4471
262 4472
263 4473
264 4474
265 4475
266 4476
267 4477
268 4478
269 4479
270 4480
271 4483
272 4484
273 4485
274 4486
275 4487
276 4488
277 4489
278 4492
279 4497
280 4499
281 4501
282 4502
283 4503
284 4505
285 4506
286 4507
287 4508
288 4522
289 4523
290 4574
291 4580
292 4581
293 4582
294 4596
295 4597
296 4598
297 4599
298 4607
299 4608
300 4609
301 4610
302 4612
303 4618
304 4620
305 4621
306 4629
307 4630
308 4631
309 4634
310 4635
311 4637
312 4639
313 4640
314 4642
315 4643
316 4644
317 4646
318 4647
319 4648
320 4650
321 4651
322 4652
323 4653
324 4654
325 4655
326 4656
327 4657
328 4658
329 4661
330 4662
331 4664
332 4665
333 4666
334 4668
335 4669
336 4670
337 4671
338 4672
339 4673
340 4674
341 4675
342 4676
343 4677
344 4678
345 4683
346 4686
347 4687
348 4688
349 4690
350 4691
351 4693
352 4694
353 4706
354 4707
355 4708
356 4709
357 4719
358 4722
359 4723
360 4724
