1 5666
2 5672
3 5673
4 5674
5 5675
6 5677
7 5678
8 5679
9 5680
10 5681
11 5682
12 5683
13 5685
14 5686
15 5687
16 5688
17 5689
18 5691
19 5692
20 5695
21 5700
22 5701
23 5702
24 5704
25 5705
26 5706
27 5707
28 5708
29 5717
30 5719
31 5725
32 5726
33 5728
34 5730
35 5731
36 5732
37 5744
38 5745
39 5746
40 5747
41 5765
42 5778
43 5782
44 5783
45 5784
46 5785
47 5786
48 5787
49 5788
50 5789
51 5790
52 5792
53 5796
54 5797
55 5798
56 5799
57 5800
58 5801
59 5802
60 5803
61 5804
62 5805
63 5806
64 5807
65 5808
66 5816
67 5826
68 5833
69 5834
70 5835
71 5836
72 5837
73 5853
74 5857
75 5860
76 5861
77 5865
78 5866
79 5869
80 5870
81 5872
82 5875
83 5876
84 5877
85 5880
86 5881
87 5882
88 5888
89 5891
90 5897
91 5898
92 5899
93 5905
94 5911
95 5916
96 5917
97 5918
98 5919
99 5923
100 5924
