1 4059
2 4060
3 4061
4 4062
5 4063
6 4064
7 4065
8 4066
9 4067
10 4068
11 4071
12 4072
13 4073
14 4074
15 4075
16 4076
17 4077
18 4078
19 4081
20 4096
21 4109
22 4111
23 4112
24 4124
25 4125
26 4126
27 4131
28 4132
29 4133
30 4137
31 4139
32 4145
33 4146
34 4150
35 4151
36 4157
37 4158
38 4159
39 4160
40 4161
41 4162
42 4164
43 4166
44 4168
45 4173
46 4176
47 4180
48 4181
49 4182
50 4183
51 4184
52 4187
53 4188
54 4189
55 4191
56 4192
57 4193
58 4194
59 4195
60 4196
61 4197
62 4199
63 4200
64 4201
65 4202
66 4203
67 4204
68 4205
69 4206
70 4207
71 4208
72 4210
73 4211
74 4212
75 4213
76 4215
77 4232
78 4233
79 4234
80 4235
81 4236
82 4237
83 4238
84 4240
85 4243
86 4244
87 4249
88 4250
89 4251
90 4252
91 4253
92 4255
93 4256
94 4257
95 4258
96 4259
97 4260
98 4261
99 4262
100 4263
101 4265
102 4266
103 4267
104 4268
105 4275
106 4278
107 4279
108 4280
109 4281
110 4282
111 4292
112 4296
113 4297
114 4298
115 4299
116 4303
117 4304
118 4305
119 4306
120 4307
121 4308
122 4309
123 4317
124 4318
125 4319
126 4323
127 4329
128 4331
129 4335
130 4336
131 4339
132 4342
133 4343
134 4344
135 4346
136 4347
137 4348
138 4349
139 4350
140 4351
141 4352
142 4353
143 4354
144 4355
145 4356
146 4357
147 4358
148 4361
149 4362
150 4363
151 4364
152 4365
153 4366
154 4367
155 4368
156 4378
157 4382
158 4383
159 4384
160 4385
161 4386
162 4390
163 4393
164 4394
165 4395
166 4396
167 4397
168 4400
169 4401
170 4403
171 4404
172 4406
173 4410
174 4411
175 4418
176 4419
177 4420
178 4421
179 4422
180 4423
181 4424
182 4434
183 4435
184 4437
185 4438
186 4440
187 4441
188 4443
189 4444
190 4445
191 4456
192 4457
193 4458
194 4459
195 4464
196 4467
197 4469
198 4470
199 4471
200 4473
201 4474
202 4477
203 4479
204 4481
205 4483
206 4486
207 4490
208 4495
209 4496
210 4499
211 4500
212 4511
213 4515
214 4518
215 4520
216 4523
217 4525
218 4526
219 4528
220 4537
221 4538
222 4539
223 4540
224 4541
225 4542
226 4545
227 4546
228 4547
229 4548
230 4549
231 4558
232 4561
233 4562
234 4563
235 4564
236 4565
237 4571
238 4572
239 4573
240 4574
241 4575
242 4577
243 4581
244 4584
245 4588
246 4590
247 4591
248 4592
249 4594
250 4595
251 4596
252 4597
253 4598
254 4599
255 4600
256 4601
257 4602
258 4606
259 4607
260 4609
261 4610
262 4611
263 4612
264 4613
265 4614
266 4616
267 4617
268 4621
269 4625
270 4626
271 4630
272 4631
273 4637
274 4638
275 4639
276 4640
277 4642
278 4643
279 4644
280 4645
281 4646
282 4647
283 4648
284 4649
285 4652
286 4655
287 4656
288 4660
289 4661
290 4663
291 4664
292 4665
293 4666
294 4667
295 4668
296 4671
297 4672
298 4674
299 4678
300 4681
301 4682
302 4683
303 4684
304 4685
305 4686
306 4687
307 4688
308 4691
309 4692
310 4693
311 4694
312 4695
313 4696
314 4697
315 4698
316 4699
317 4700
318 4701
319 4702
320 4703
321 4704
322 4705
323 4706
324 4707
325 4708
326 4709
327 4710
328 4711
329 4712
330 4713
331 4714
332 4715
333 4716
334 4717
335 4718
336 4719
337 4720
338 4722
339 4727
340 4728
341 4729
342 4730
343 4731
344 4732
345 4733
346 4734
347 4735
348 4736
349 4737
350 4738
351 4739
352 4740
353 4752
354 4759
355 4766
356 4772
357 4774
358 4776
359 4777
360 4783
361 4789
362 4790
363 4791
364 4792
365 4793
366 4806
367 4811
368 4813
369 4816
370 4818
371 4819
372 4820
373 4821
374 4858
375 4859
376 4860
377 4872
378 4884
379 4885
380 4887
381 4911
382 4912
383 4913
384 4917
385 4919
386 4925
387 4928
388 4929
389 4933
390 4934
391 4935
392 4936
393 4937
394 4939
395 4940
396 4944
397 4952
398 4960
399 4961
400 4972
401 4975
402 4976
403 4980
404 5000
405 5001
406 5002
407 5018
408 5019
409 5031
410 5032
411 5033
412 5035
413 5041
414 5042
415 5047
416 5054
417 5055
418 5062
419 5064
420 5067
421 5070
422 5072
423 5073
424 5074
425 5075
426 5078
427 5092
428 5093
429 5098
430 5109
431 5114
432 5121
433 5123
434 5125
435 5126
436 5142
437 5145
438 5154
439 5158
440 5159
441 5160
442 5162
443 5165
444 5166
445 5167
446 5172
447 5179
448 5180
449 5181
450 5182
451 5183
452 5184
453 5185
454 5186
455 5202
456 5203
457 5204
458 5205
459 5206
460 5207
461 5210
462 5211
463 5259
464 5261
465 5264
466 5279
467 5283
468 5285
469 5288
470 5289
471 5290
472 5301
473 5305
474 5306
475 5307
476 5314
477 5326
478 5338
479 5383
480 5388
481 5395
482 5397
483 5403
484 5404
485 5405
486 5406
487 5407
488 5408
489 5409
490 5411
491 5421
492 5426
493 5432
494 5434
495 5435
496 5445
497 5446
498 5448
499 5465
500 5532
501 5533
502 5538
503 5539
504 5540
505 5555
506 5562
507 5563
508 5566
509 5568
510 5569
511 5571
512 5573
513 5574
514 5575
515 5582
516 5584
517 5588
518 5597
519 5598
520 5599
521 5612
522 5613
523 5614
524 5631
525 5640
526 5652
527 5653
528 5654
529 5655
530 5656
531 5663
532 5666
533 5671
534 5672
535 5675
536 5676
537 5677
538 5688
539 5702
540 5703
541 5709
542 5710
543 5721
544 5749
545 5750
546 5760
547 5761
548 5762
549 5763
550 5764
551 5774
552 5779
553 5780
554 5781
555 5783
556 5784
557 5785
558 5786
559 5787
560 5789
561 5790
562 5791
563 5794
564 5795
565 5807
566 5808
567 5809
568 5811
569 5812
570 5813
571 5814
572 5828
573 5855
574 5856
575 5857
576 5858
577 5859
578 5860
579 5861
580 5862
581 5863
582 5864
583 5874
584 5875
585 5876
586 5877
587 5878
588 5880
589 5881
590 5882
591 5883
592 5884
593 5885
594 5886
595 5887
596 5890
597 5891
598 5892
599 5893
600 5894
601 5895
602 5897
603 5898
604 5899
605 5900
606 5901
607 5904
608 5905
609 5906
610 5907
611 5908
612 5909
613 5910
614 5911
615 5915
616 5916
617 5917
618 5918
619 5919
620 5920
621 5922
622 5923
623 5924
624 5925
625 5930
626 5931
627 5932
628 5933
629 5935
630 5936
631 5937
632 5938
633 5939
634 5941
635 5942
636 5943
637 5944
638 5945
639 5947
640 5948
641 5949
642 5950
643 5951
644 5952
645 5953
646 5954
647 5955
648 5956
649 5959
650 5960
651 5961
652 5967
653 5968
654 5969
655 5974
656 5975
657 5976
658 5981
659 5983
660 5984
661 5985
662 5990
663 5991
664 5992
665 5993
666 5998
667 5999
668 6000
669 6002
670 6003
671 6006
672 6007
673 6008
674 6012
675 6014
676 6015
677 6018
678 6020
679 6024
680 6026
681 6027
682 6030
683 6033
684 6038
685 6039
686 6040
687 6044
688 6045
689 6046
690 6047
691 6055
692 6056
693 6057
694 6058
695 6060
696 6061
697 6062
698 6063
699 6064
700 6065
701 6066
702 6067
703 6068
704 6069
705 6070
706 6071
707 6074
708 6075
709 6076
710 6077
711 6078
712 6079
713 6080
714 6081
715 6082
716 6083
717 6089
718 6096
719 6097
720 6110
721 6111
722 6112
723 6117
724 6119
725 6120
726 6122
727 6123
728 6124
729 6125
730 6126
731 6127
732 6128
733 6129
734 6130
735 6131
736 6132
737 6133
738 6134
739 6135
740 6140
741 6141
742 6142
743 6143
744 6144
745 6145
746 6146
747 6147
748 6148
749 6149
750 6150
751 6151
752 6152
753 6153
754 6154
755 6155
756 6156
757 6158
758 6159
759 6166
760 6167
761 6171
762 6172
763 6201
764 6202
765 6203
766 6204
767 6211
768 6212
769 6213
770 6214
771 6215
772 6216
773 6218
774 6220
775 6223
776 6224
777 6226
778 6227
779 6236
780 6237
781 6238
782 6239
783 6240
784 6244
785 6245
786 6246
787 6247
788 6248
789 6249
790 6250
791 6254
