1 7794
2 7795
3 7796
4 7797
5 7798
6 7799
7 7800
8 7806
9 7808
10 7812
11 7813
12 7814
13 7823
14 7826
15 7827
16 7828
17 7834
18 7841
19 7843
20 7844
21 7845
22 7846
23 7847
24 7848
25 7849
26 7850
27 7851
28 7852
29 7853
30 7855
31 7857
32 7865
33 7868
34 7871
35 7874
36 7889
37 7890
38 7906
39 7912
40 7931
41 7932
42 7933
43 7934
44 7935
45 7946
46 7949
47 7955
48 7956
49 7962
50 7963
51 7964
52 7965
53 7968
54 7969
55 7972
56 7974
57 7975
58 7976
59 7983
60 7984
61 7987
62 7990
63 7991
64 7993
65 7994
66 8002
67 8005
68 8007
69 8008
70 8009
71 8015
72 8019
73 8020
74 8021
75 8022
76 8023
77 8024
78 8025
79 8026
80 8027
81 8028
82 8030
83 8032
84 8033
85 8034
86 8035
87 8036
88 8037
89 8044
90 8045
91 8047
92 8048
93 8055
94 8056
95 8057
96 8058
97 8064
98 8065
99 8066
100 8067
101 8068
102 8069
103 8070
104 8071
105 8072
106 8073
107 8075
108 8076
109 8078
110 8079
111 8098
112 8099
113 8100
114 8111
115 8112
116 8116
117 8117
118 8118
119 8119
120 8123
121 8128
122 8129
123 8135
124 8137
125 8139
126 8141
127 8143
128 8144
129 8145
130 8146
131 8148
132 8150
133 8152
134 8153
135 8154
136 8155
137 8156
138 8157
139 8158
140 8161
141 8163
142 8165
143 8166
144 8167
145 8168
146 8169
147 8173
148 8176
149 8177
150 8179
151 8182
152 8186
153 8187
154 8188
155 8189
156 8191
157 8194
158 8196
159 8199
160 8200
161 8201
162 8202
163 8203
164 8204
165 8206
166 8218
167 8219
168 8220
169 8221
170 8222
171 8223
172 8229
173 8230
174 8233
175 8238
176 8239
177 8240
178 8256
179 8257
180 8258
181 8271
182 8275
183 8276
184 8280
185 8281
186 8283
187 8285
188 8286
189 8289
190 8291
191 8292
192 8295
193 8296
194 8297
195 8298
196 8304
197 8305
198 8310
199 8311
200 8313
201 8319
202 8321
203 8330
204 8337
205 8339
206 8340
207 8341
208 8342
209 8343
210 8344
211 8345
212 8346
213 8347
214 8348
215 8349
216 8352
217 8353
218 8354
219 8355
220 8363
221 8367
222 8368
223 8383
224 8384
225 8389
226 8390
227 8391
228 8413
229 8415
230 8416
231 8417
232 8418
233 8427
234 8428
235 8431
236 8432
237 8433
238 8434
239 8435
240 8438
241 8439
242 8440
243 8441
244 8442
245 8443
246 8445
247 8446
248 8447
249 8455
250 8458
251 8459
252 8462
253 8473
254 8476
255 8478
256 8491
257 8498
258 8503
259 8504
260 8519
261 8520
262 8521
263 8522
264 8523
265 8524
266 8525
267 8526
268 8527
269 8528
270 8529
271 8532
272 8533
273 8534
274 8535
275 8536
276 8537
277 8538
278 8541
279 8546
280 8548
281 8550
282 8551
283 8552
284 8554
285 8555
286 8556
287 8557
288 8571
289 8572
290 8623
291 8629
292 8630
293 8631
294 8645
295 8646
296 8647
297 8648
298 8656
299 8657
300 8658
301 8659
302 8661
303 8667
304 8669
305 8670
306 8678
307 8679
308 8680
309 8683
310 8684
311 8686
312 8688
313 8689
314 8691
315 8692
316 8693
317 8695
318 8696
319 8697
320 8699
321 8700
322 8701
323 8702
324 8703
325 8704
326 8705
327 8706
328 8707
329 8710
330 8711
331 8713
332 8714
333 8715
334 8717
335 8718
336 8719
337 8720
338 8721
339 8722
340 8723
341 8724
342 8725
343 8726
344 8727
345 8732
346 8735
347 8736
348 8737
349 8739
350 8740
351 8742
352 8743
353 8755
354 8756
355 8757
356 8758
357 8768
358 8771
359 8772
360 8773
