1 9974
2 9975
3 9976
4 9977
5 9978
6 9980
7 9982
8 9983
9 9984
10 9985
11 9987
12 9988
13 9991
14 9992
15 9993
16 9997
17 9998
18 9999
19 10000
20 10001
21 10003
22 10004
23 10005
24 10009
25 10010
26 10011
27 10012
28 10013
29 10014
30 10015
31 10016
32 10017
33 10022
34 10029
35 10030
36 10031
37 10033
38 10034
39 10035
40 10037
41 10038
42 10043
43 10047
44 10048
45 10049
46 10054
47 10067
48 10068
49 10079
50 10085
51 10087
52 10090
53 10091
54 10092
55 10106
56 10109
57 10110
58 10111
59 10114
60 10115
61 10119
62 10120
63 10121
64 10122
65 10123
66 10124
67 10125
68 10126
69 10127
70 10128
71 10132
72 10134
73 10135
74 10139
75 10140
76 10142
77 10143
78 10144
79 10146
80 10147
