1 2429
2 2430
3 2431
4 2434
5 2435
6 2436
7 2439
8 2440
9 2441
10 2442
11 2443
12 2444
13 2446
14 2447
15 2448
16 2450
17 2453
18 2455
19 2456
20 2457
21 2458
22 2459
23 2460
24 2461
25 2462
26 2463
27 2464
28 2465
29 2466
30 2468
31 2469
32 2470
33 2471
34 2472
35 2474
36 2475
37 2476
38 2477
39 2478
40 2479
41 2480
42 2481
43 2482
44 2483
45 2484
46 2485
47 2486
48 2487
49 2488
50 2489
51 2490
52 2491
53 2492
54 2493
55 2494
56 2495
57 2496
58 2497
59 2498
60 2499
61 2500
62 2501
63 2502
64 2503
65 2504
66 2505
67 2506
68 2507
69 2508
70 2509
71 2510
72 2511
73 2512
74 2513
75 2514
76 2515
77 2516
78 2517
79 2518
80 2519
81 2520
82 2521
83 2522
84 2523
85 2524
86 2525
87 2526
88 2527
89 2528
90 2529
91 2530
92 2531
93 2532
94 2533
95 2534
96 2535
97 2536
98 2537
99 2538
100 2539
101 2540
102 2541
103 2542
104 2543
105 2544
106 2545
107 2546
108 2547
109 2548
110 2549
111 2550
112 2551
113 2552
114 2553
115 2554
116 2555
117 2556
118 2557
119 2558
120 2559
121 2560
122 2561
123 2562
124 2563
125 2564
126 2565
127 2566
128 2567
129 2568
130 2569
131 2570
132 2571
133 2572
134 2573
135 2574
136 2575
137 2576
138 2577
139 2578
140 2579
141 2580
142 2581
143 2582
144 2583
145 2584
146 2586
147 2587
148 2588
149 2589
150 2590
151 2591
152 2592
153 2593
154 2594
155 2595
156 2596
157 2597
158 2599
159 2602
160 2603
161 2604
162 2605
163 2606
164 2607
165 2608
166 2609
167 2610
168 2611
169 2612
170 2613
171 2614
172 2615
173 2616
174 2617
175 2618
176 2619
177 2620
178 2621
179 2622
180 2623
181 2625
182 2626
183 2627
184 2628
185 2629
186 2630
187 2631
188 2632
189 2633
190 2634
191 2635
192 2636
193 2637
194 2638
195 2639
196 2640
197 2641
198 2642
199 2643
200 2644
201 2645
202 2646
203 2647
204 2648
205 2649
206 2650
207 2651
208 2652
209 2653
210 2654
211 2655
212 2656
213 2657
214 2658
215 2659
216 2660
217 2661
218 2662
219 2663
220 2664
221 2665
222 2666
223 2667
224 2670
225 2671
226 2672
227 2673
228 2674
229 2675
230 2676
231 2677
232 2678
233 2679
234 2680
235 2681
236 2682
237 2683
238 2684
239 2685
240 2686
241 2687
242 2688
243 2689
244 2690
245 2691
246 2692
247 2693
248 2694
249 2695
250 2696
251 2697
252 2700
253 2701
254 2702
255 2704
256 2705
257 2706
258 2707
259 2708
260 2711
261 2712
262 2713
263 2714
264 2715
265 2716
266 2717
267 2718
268 2719
269 2720
270 2721
271 2722
272 2723
273 2724
274 2725
275 2726
276 2727
277 2728
278 2729
279 2731
280 2732
281 2733
282 2734
283 2735
284 2736
285 2737
286 2738
287 2739
288 2740
289 2741
290 2742
291 2743
292 2744
293 2745
294 2746
295 2747
296 2748
297 2749
298 2750
299 2751
300 2752
301 2753
302 2754
303 2755
304 2756
305 2757
306 2758
307 2759
308 2760
309 2761
310 2762
311 2763
312 2764
313 2765
314 2766
315 2767
316 2769
317 2772
318 2773
319 2774
320 2775
321 2776
322 2777
323 2778
324 2779
325 2780
326 2781
327 2782
328 2783
329 2784
330 2785
331 2786
332 2789
333 2790
334 2791
335 2792
336 2793
337 2794
338 2796
339 2797
340 2798
341 2799
342 2800
343 2801
344 2802
345 2803
346 2804
347 2805
348 2806
349 2807
350 2808
351 2809
352 2810
353 2811
354 2812
355 2813
356 2814
357 2815
358 2816
359 2817
360 2818
361 2819
362 2820
363 2821
364 2822
365 2823
366 2824
367 2825
368 2826
369 2829
370 2830
371 2831
372 2832
373 2833
374 2835
375 2838
376 2839
377 2840
378 2841
379 2842
380 2843
381 2844
382 2845
383 2846
384 2847
385 2848
386 2849
387 2850
388 2851
389 2852
390 2853
391 2854
392 2855
393 2856
394 2857
395 2858
396 2859
397 2860
398 2861
399 2862
400 2863
401 2864
402 2865
403 2866
404 2867
405 2868
406 2869
407 2870
408 2871
409 2872
410 2873
411 2874
412 2875
413 2876
414 2877
415 2878
416 2879
417 2880
418 2881
419 2882
420 2883
421 2884
422 2885
423 2886
424 2887
425 2888
426 2889
427 2890
428 2891
429 2892
430 2893
431 2894
432 2895
433 2896
434 2897
435 2898
436 2900
437 2901
438 2902
439 2903
440 2904
441 2905
442 2907
443 2908
444 2909
445 2910
446 2911
447 2912
448 2913
449 2914
450 2915
451 2916
452 2917
453 2918
454 2919
455 2920
456 2921
457 2922
458 2923
459 2924
460 2925
461 2926
462 2927
463 2928
464 2929
465 2930
466 2931
467 2932
468 2933
469 2934
470 2935
471 2936
472 2937
473 2938
474 2939
475 2940
476 2941
477 2942
478 2943
479 2944
480 2945
481 2946
482 2947
483 2948
484 2949
485 2950
486 2951
487 2952
488 2953
489 2954
490 2955
491 2956
492 2957
493 2958
494 2959
495 2960
496 2961
497 2962
498 2963
499 2964
500 2965
501 2966
502 2967
503 2968
504 2969
505 2970
506 2971
507 2972
508 2973
509 2974
510 2975
511 2976
512 2977
513 2978
514 2979
515 2980
516 2981
517 2982
518 2983
519 2985
520 2986
521 2987
522 2988
523 2989
524 2990
525 2991
526 2992
527 2993
528 2994
529 2995
530 2996
531 2997
532 2998
533 2999
534 3000
535 3001
536 3002
537 3003
538 3004
539 3005
540 3006
541 3007
542 3008
543 3009
544 3010
545 3011
546 3012
547 3015
548 3016
549 3017
550 3018
551 3019
552 3020
553 3021
554 3022
555 3023
556 3024
557 3025
558 3026
559 3027
560 3028
561 3029
562 3030
563 3031
564 3032
565 3033
566 3034
567 3035
568 3036
569 3037
570 3038
571 3039
572 3040
573 3041
574 3042
575 3043
576 3044
577 3045
578 3046
579 3047
580 3048
581 3049
582 3050
583 3051
584 3052
585 3053
586 3054
587 3055
588 3056
589 3057
590 3058
591 3059
592 3060
593 3061
594 3062
595 3063
596 3064
597 3065
598 3066
599 3067
600 3068
601 3069
602 3070
603 3071
604 3072
605 3073
606 3074
607 3075
608 3076
609 3077
610 3078
611 3079
612 3080
613 3081
614 3082
615 3083
616 3084
617 3085
618 3086
619 3087
620 3088
621 3089
622 3090
623 3091
624 3092
625 3093
626 3094
627 3095
628 3096
629 3097
630 3098
631 3099
632 3100
633 3101
634 3102
635 3103
636 3104
637 3105
638 3106
639 3107
640 3108
641 3109
642 3110
643 3111
644 3112
645 3113
646 3114
647 3115
648 3116
649 3117
650 3118
651 3119
652 3120
653 3121
654 3122
655 3123
656 3124
657 3125
658 3126
659 3127
660 3128
661 3129
662 3130
663 3131
664 3136
665 3137
666 3138
667 3139
668 3140
669 3141
670 3142
671 3143
672 3144
673 3145
674 3146
675 3147
676 3148
677 3149
678 3150
679 3151
680 3152
681 3153
682 3154
683 3155
684 3156
685 3157
686 3158
687 3159
688 3160
689 3161
690 3162
691 3163
692 3164
693 3165
694 3166
695 3167
696 3168
697 3169
698 3170
699 3171
700 3172
701 3173
702 3174
703 3175
704 3176
705 3177
706 3178
707 3179
708 3180
709 3181
710 3182
711 3183
712 3184
713 3185
714 3186
715 3187
716 3188
717 3189
718 3190
719 3191
720 3192
721 3193
722 3194
723 3195
724 3196
725 3197
726 3198
727 3199
728 3200
729 3201
730 3204
731 3205
732 3211
733 3212
734 3213
735 3214
736 3215
737 3216
738 3217
739 3218
740 3219
741 3220
742 3221
743 3222
744 3223
745 3224
746 3225
747 3226
748 3227
749 3228
750 3229
751 3230
752 3231
753 3232
754 3233
755 3234
756 3235
757 3236
758 3237
759 3238
760 3239
761 3240
762 3241
763 3242
764 3243
765 3244
766 3245
767 3246
768 3247
769 3248
770 3250
771 3251
772 3252
773 3253
774 3254
775 3255
776 3256
777 3257
778 3258
779 3259
780 3260
781 3261
782 3262
783 3263
784 3264
785 3265
786 3266
787 3267
788 3268
789 3269
790 3270
791 3271
792 3272
793 3273
794 3274
795 3275
796 3276
797 3278
798 3279
799 3280
800 3281
801 3282
802 3283
803 3284
804 3285
805 3286
806 3287
807 3288
808 3289
809 3290
810 3291
811 3292
812 3296
813 3297
814 3298
815 3299
816 3300
817 3301
818 3302
819 3303
820 3304
821 3305
822 3306
823 3307
824 3308
825 3309
826 3310
827 3311
828 3312
829 3313
830 3314
831 3315
832 3316
833 3320
834 3321
835 3324
836 3325
837 3326
838 3327
839 3328
840 3329
841 3330
842 3331
843 3332
844 3333
845 3340
846 3341
847 3342
848 3343
849 3344
850 3345
851 3346
852 3347
853 3348
854 3349
855 3350
856 3351
857 3352
858 3353
859 3354
860 3355
861 3356
862 3357
863 3358
864 3359
865 3360
866 3361
867 3363
868 3365
869 3370
870 3371
871 3373
872 3374
873 3375
874 3376
875 3377
876 3378
877 3379
878 3380
879 3381
880 3382
881 3383
882 3384
883 3385
884 3387
885 3388
886 3389
887 3390
888 3391
889 3392
890 3393
891 3394
892 3395
893 3396
894 3397
895 3398
896 3399
897 3400
898 3401
899 3402
900 3403
901 3405
902 3406
903 3407
904 3408
905 3409
906 3410
907 3411
908 3413
909 3414
910 3415
911 3416
912 3417
913 3418
914 3419
915 3420
916 3421
917 3422
918 3423
919 3424
920 3425
921 3426
922 3427
923 3428
924 3429
925 3430
926 3432
927 3433
928 3434
929 3435
930 3436
931 3437
932 3438
933 3440
934 3441
935 3442
936 3443
937 3444
938 3445
939 3446
940 3447
941 3448
942 3449
943 3450
944 3451
945 3452
946 3453
947 3454
948 3455
949 3456
950 3457
951 3458
952 3459
953 3460
954 3461
955 3462
956 3463
957 3464
958 3465
959 3466
960 3468
961 3469
962 3470
963 3471
964 3472
965 3473
966 3474
967 3475
968 3476
969 3477
970 3478
971 3479
972 3480
973 3481
974 3482
975 3483
976 3484
977 3485
978 3486
979 3488
980 3489
981 3490
982 3491
983 3492
984 3493
985 3496
986 3498
987 3499
988 3500
989 3501
990 3502
991 3503
992 3504
993 3505
994 3506
995 3507
996 3508
997 3509
998 3510
999 3511
1000 3512
1001 3513
1002 3514
1003 3515
1004 3516
1005 3517
1006 3518
1007 3519
1008 3520
1009 3521
1010 3522
1011 3523
1012 3524
1013 3525
1014 3526
1015 3527
1016 3528
1017 3529
1018 3530
1019 3531
1020 3532
1021 3533
1022 3534
1023 3535
1024 3536
1025 3537
1026 3538
1027 3539
1028 3540
1029 3541
1030 3542
1031 3543
1032 3544
1033 3545
1034 3546
1035 3547
1036 3548
1037 3549
1038 3550
1039 3551
1040 3552
1041 3553
1042 3554
1043 3555
1044 3556
1045 3557
1046 3558
1047 3562
1048 3565
1049 3566
1050 3567
1051 3568
1052 3569
1053 3570
1054 3571
1055 3574
1056 3575
1057 3576
1058 3577
1059 3578
1060 3579
1061 3580
1062 3581
1063 3582
1064 3583
1065 3585
1066 3586
1067 3587
1068 3588
1069 3589
1070 3590
1071 3591
1072 3592
1073 3593
1074 3594
1075 3595
1076 3596
1077 3597
1078 3598
1079 3599
1080 3600
1081 3601
1082 3602
1083 3603
1084 3604
1085 3605
1086 3606
1087 3607
1088 3609
1089 3610
1090 3611
1091 3612
1092 3613
1093 3614
1094 3615
1095 3616
1096 3617
1097 3618
1098 3619
1099 3620
1100 3621
1101 3622
1102 3623
1103 3624
1104 3625
1105 3626
1106 3627
1107 3628
1108 3630
1109 3631
1110 3632
1111 3633
1112 3634
1113 3635
1114 3636
1115 3637
1116 3638
1117 3639
1118 3640
1119 3641
1120 3642
1121 3643
1122 3644
1123 3645
1124 3646
1125 3647
1126 3648
1127 3649
1128 3650
1129 3651
1130 3652
1131 3654
1132 3655
1133 3656
1134 3657
1135 3658
1136 3659
1137 3660
1138 3661
1139 3662
1140 3663
1141 3664
1142 3665
1143 3666
1144 3667
1145 3670
1146 3671
1147 3672
1148 3673
1149 3675
1150 3676
1151 3677
1152 3678
1153 3680
1154 3681
1155 3682
1156 3683
1157 3684
1158 3685
1159 3686
1160 3687
1161 3688
1162 3689
1163 3690
1164 3691
1165 3692
1166 3693
1167 3694
1168 3695
1169 3696
1170 3697
1171 3698
1172 3699
1173 3700
1174 3701
1175 3702
1176 3703
1177 3704
1178 3705
1179 3706
1180 3707
1181 3708
1182 3709
1183 3710
1184 3711
1185 3712
1186 3713
1187 3714
1188 3715
1189 3716
1190 3717
1191 3718
1192 3719
1193 3720
1194 3721
1195 3722
1196 3723
1197 3724
1198 3725
1199 3726
1200 3727
1201 3728
1202 3729
1203 3730
1204 3731
1205 3732
1206 3733
1207 3734
1208 3735
1209 3736
1210 3737
1211 3738
1212 3739
1213 3744
1214 3745
1215 3746
1216 3747
1217 3748
1218 3749
1219 3750
1220 3751
1221 3752
1222 3753
1223 3754
1224 3755
1225 3756
1226 3757
1227 3758
1228 3759
1229 3760
1230 3761
1231 3762
1232 3763
1233 3764
1234 3765
1235 3766
1236 3767
1237 3768
1238 3769
1239 3770
1240 3771
1241 3772
1242 3773
1243 3774
1244 3775
1245 3776
1246 3777
1247 3778
1248 3779
1249 3780
1250 3781
1251 3782
1252 3783
1253 3784
1254 3785
1255 3786
1256 3787
1257 3788
1258 3789
1259 3790
1260 3791
1261 3792
1262 3793
1263 3794
1264 3795
1265 3796
1266 3797
1267 3798
1268 3799
1269 3800
1270 3801
1271 3802
1272 3803
1273 3804
1274 3805
1275 3806
1276 3807
1277 3808
1278 3809
1279 3810
1280 3811
1281 3812
1282 3813
1283 3814
1284 3815
1285 3816
1286 3817
1287 3818
1288 3819
1289 3820
1290 3821
1291 3822
1292 3823
1293 3824
1294 3826
1295 3828
1296 3829
1297 3830
1298 3831
1299 3832
1300 3836
1301 3837
1302 3838
1303 3839
1304 3840
1305 3841
1306 3842
1307 3843
1308 3844
1309 3845
1310 3846
1311 3847
1312 3848
1313 3849
1314 3850
1315 3851
1316 3853
1317 3856
