1 3
2 4
3 5
4 6
5 9
6 10
7 11
8 14
9 17
10 18
11 19
12 20
13 21
14 22
15 23
16 24
17 25
18 26
19 27
20 28
21 29
22 30
23 31
24 32
25 34
26 35
27 36
28 43
29 44
30 45
31 48
32 49
33 50
34 51
35 53
36 55
37 57
38 58
39 61
40 62
41 63
42 64
43 65
44 66
45 67
46 68
47 69
48 70
49 71
50 79
51 87
52 88
53 90
54 91
55 92
56 93
57 94
58 96
59 97
60 103
61 104
62 105
63 107
64 108
65 113
66 114
67 115
68 116
69 117
70 118
71 119
72 120
73 121
74 122
75 123
76 124
77 126
78 127
79 128
80 129
81 130
82 132
83 133
84 134
85 135
86 136
87 137
88 138
89 139
90 141
91 144
92 145
93 147
94 148
95 149
96 150
97 151
98 152
99 153
100 154
101 157
102 162
103 163
104 164
105 168
106 170
107 171
108 173
109 174
110 175
111 176
112 177
113 178
114 179
115 180
116 181
117 182
118 184
119 185
120 188
121 189
122 194
123 195
124 196
125 197
126 198
127 200
128 202
129 204
130 205
131 206
132 208
133 209
134 210
135 211
136 212
137 213
138 214
139 222
140 223
141 225
142 227
143 228
144 230
145 231
146 232
147 233
148 235
149 236
150 237
151 238
152 239
153 240
154 241
155 242
156 244
157 256
158 257
159 258
160 259
161 260
162 263
163 264
164 265
165 267
166 268
167 269
168 270
169 271
170 272
171 273
172 276
173 277
174 279
175 280
176 281
177 282
178 283
179 284
180 285
181 286
182 287
183 288
184 289
185 290
186 291
187 292
188 293
189 294
190 295
191 296
192 297
193 298
194 299
195 300
196 301
197 303
198 304
199 305
200 306
201 309
202 310
203 311
204 312
205 313
206 315
207 317
208 319
209 320
210 321
211 322
212 323
213 324
214 325
215 326
216 327
217 328
218 329
219 330
220 331
221 332
222 333
223 334
224 335
225 336
226 338
227 342
228 343
229 344
230 345
231 347
232 348
233 349
234 350
235 352
236 353
237 356
238 357
239 359
240 360
241 362
242 363
243 364
244 369
245 370
246 371
247 372
248 373
249 374
250 378
251 379
252 381
253 387
254 388
255 391
256 393
257 394
258 395
259 396
260 397
261 398
262 399
263 400
264 401
265 419
266 425
267 426
268 427
269 432
270 435
271 436
272 440
273 453
274 455
275 456
276 457
277 458
278 459
279 470
280 471
281 472
282 474
283 475
284 477
285 479
286 481
287 482
288 487
289 490
290 499
291 500
292 501
293 502
294 504
295 505
296 507
297 508
298 509
299 512
300 513
301 514
302 515
303 516
304 517
305 518
306 519
307 520
308 521
309 523
310 525
311 528
312 529
313 530
314 531
315 532
316 533
317 534
318 536
319 537
320 538
321 539
322 541
323 542
324 543
325 544
326 545
327 546
328 547
329 550
330 552
331 553
332 554
333 555
334 556
335 557
336 558
337 561
338 562
339 563
340 564
341 565
342 566
343 567
344 568
345 569
346 570
347 571
348 572
349 573
350 574
351 575
352 576
353 577
354 583
355 585
356 586
357 587
358 588
359 589
360 590
361 591
362 613
363 614
364 615
365 616
366 617
367 618
368 619
369 620
370 621
371 624
372 625
373 628
374 629
375 630
376 631
377 632
378 633
379 634
380 636
381 637
382 638
383 639
384 646
385 647
386 648
387 649
388 650
389 651
390 652
391 653
392 654
393 655
394 656
395 657
396 661
397 663
398 664
399 665
400 666
401 672
402 673
403 674
404 675
405 678
406 681
407 683
408 684
409 685
410 688
411 693
412 697
413 704
414 705
415 706
416 707
417 708
418 709
419 710
420 711
421 712
422 713
423 714
424 721
425 722
426 723
427 724
428 725
429 726
430 727
431 728
432 729
433 730
434 731
435 732
436 733
437 734
438 735
439 736
440 738
441 740
442 741
443 742
444 743
445 744
446 746
447 747
448 751
449 752
450 754
451 755
452 764
453 765
454 766
455 769
456 770
457 776
458 777
459 779
460 780
461 781
462 782
463 784
464 785
465 791
466 793
467 797
468 799
469 804
470 810
471 812
472 813
473 814
474 818
475 819
476 831
477 832
478 833
479 841
480 845
481 850
482 855
483 858
484 860
485 862
486 863
487 877
488 887
489 889
490 891
491 892
492 893
493 894
494 895
495 896
496 901
497 904
498 907
499 908
500 909
501 910
502 911
503 912
504 913
505 914
506 915
507 916
508 917
509 958
510 991
511 992
512 997
513 1000
514 1001
515 1002
516 1003
517 1004
518 1005
519 1006
520 1007
521 1009
522 1010
523 1011
524 1012
525 1013
526 1014
527 1015
528 1016
529 1017
530 1018
531 1019
532 1026
533 1027
534 1028
535 1029
536 1030
537 1031
538 1032
539 1033
540 1034
541 1035
542 1038
543 1040
544 1041
545 1042
