1 3857
2 3858
3 3860
4 3861
5 3862
6 3863
7 3864
8 3865
9 3866
10 3867
11 3868
12 3869
13 3870
14 3871
15 3872
16 3873
17 3874
18 3875
19 3876
20 3877
21 3883
22 3884
23 3885
24 3886
25 3887
26 3888
27 3894
28 3895
29 3896
30 3897
31 3898
32 3899
33 3902
34 3903
35 3904
36 3905
37 3906
38 3907
39 3908
40 3909
41 3910
42 3911
43 3912
44 3913
45 3914
46 3915
47 3916
48 3917
49 3918
50 3919
51 3920
52 3921
53 3922
54 3923
55 3924
56 3925
57 3926
58 3927
59 3928
60 3929
61 3930
62 3931
63 3932
64 3933
65 3934
66 3935
67 3936
68 3937
69 3938
70 3939
71 3941
72 3942
73 3943
74 3944
75 3945
76 3946
77 3947
78 3948
79 3949
80 3950
81 3951
82 3952
83 3954
84 3955
85 3956
86 3957
87 3958
88 3959
89 3960
90 3961
91 3962
92 3963
93 3964
94 3965
95 3966
96 3967
97 3968
98 3970
99 3972
100 3973
101 3974
102 3975
103 3976
104 3978
105 3979
106 3980
107 3982
108 3983
109 3984
110 3985
111 3986
112 3987
113 3988
114 3989
115 3990
116 3991
117 3992
118 3993
119 3994
120 3995
121 3996
122 3997
123 3998
124 3999
125 4000
126 4001
127 4002
128 4003
129 4010
130 4011
131 4012
132 4013
133 4014
134 4016
135 4019
136 4020
137 4023
138 4025
139 4026
140 4027
141 4028
142 4029
143 4030
144 4032
145 4034
146 4035
147 4036
148 4037
149 4038
150 4039
151 4040
152 4042
153 4043
154 4045
155 4046
156 4047
157 4048
158 4049
159 4050
160 4051
161 4052
162 4053
163 4054
164 4055
165 4056
166 4057
167 4058
168 4059
169 4060
170 4061
171 4062
172 4063
173 4065
174 4066
175 4067
176 4068
177 4069
178 4070
179 4074
180 4076
181 4077
182 4078
183 4079
184 4080
185 4081
186 4082
187 4085
188 4086
189 4088
190 4090
191 4091
192 4093
193 4094
194 4098
195 4102
196 4103
197 4104
198 4105
199 4106
200 4107
201 4108
202 4109
203 4110
204 4111
205 4112
206 4113
207 4114
208 4115
209 4116
210 4117
211 4119
212 4121
213 4122
214 4123
215 4125
216 4131
217 4132
218 4133
219 4134
220 4135
221 4136
222 4137
223 4138
224 4140
225 4141
226 4142
227 4143
228 4144
229 4145
230 4146
231 4147
232 4148
233 4149
234 4150
235 4151
236 4152
237 4153
238 4154
239 4155
240 4156
241 4157
242 4158
243 4159
244 4160
245 4161
246 4163
247 4164
248 4165
249 4166
250 4167
251 4168
252 4169
253 4170
254 4171
255 4172
256 4173
257 4174
258 4175
259 4176
260 4178
261 4179
262 4180
263 4181
264 4182
265 4183
266 4185
267 4193
268 4194
269 4196
270 4197
271 4198
272 4199
273 4200
274 4201
275 4202
276 4203
277 4204
278 4205
279 4206
280 4207
281 4208
282 4209
283 4210
284 4211
285 4212
286 4213
287 4214
288 4215
289 4216
290 4217
291 4218
292 4219
293 4220
294 4221
295 4222
296 4223
297 4225
298 4226
299 4227
300 4228
301 4229
302 4230
303 4231
304 4232
305 4233
306 4234
307 4236
308 4237
309 4242
310 4244
311 4245
312 4246
313 4247
314 4248
315 4249
316 4250
317 4251
318 4252
319 4253
320 4254
321 4255
322 4256
323 4257
324 4258
325 4259
326 4260
327 4261
328 4262
329 4268
330 4269
331 4270
332 4271
333 4272
334 4273
335 4274
336 4277
337 4278
338 4279
339 4280
340 4281
341 4283
342 4284
343 4285
344 4286
345 4287
346 4288
347 4289
348 4290
349 4291
350 4292
351 4293
352 4294
353 4295
354 4296
355 4298
356 4303
357 4304
358 4305
359 4306
360 4307
361 4309
362 4310
363 4311
364 4312
365 4313
366 4314
367 4315
368 4316
369 4317
370 4318
371 4319
372 4320
373 4321
374 4322
375 4323
376 4326
377 4327
378 4328
379 4329
380 4339
381 4340
382 4344
383 4345
384 4346
385 4349
386 4350
387 4351
388 4352
389 4353
390 4354
391 4355
392 4356
393 4357
394 4358
395 4359
396 4360
397 4361
398 4362
399 4363
400 4364
401 4365
402 4366
403 4367
404 4368
405 4369
406 4370
407 4371
408 4372
409 4373
410 4374
411 4375
412 4376
413 4377
414 4378
415 4379
416 4380
417 4381
418 4382
419 4386
420 4387
421 4388
422 4389
423 4390
424 4391
425 4393
426 4394
427 4395
428 4396
429 4397
430 4398
431 4399
432 4400
433 4401
434 4402
435 4403
436 4405
437 4407
438 4408
439 4409
440 4410
441 4411
442 4412
443 4413
444 4414
445 4415
446 4416
447 4417
448 4418
449 4419
450 4420
451 4421
452 4422
453 4423
454 4425
455 4428
456 4431
457 4432
458 4434
459 4435
460 4436
461 4437
462 4438
463 4440
464 4441
465 4442
466 4443
467 4444
468 4445
469 4446
470 4447
471 4448
472 4451
473 4452
474 4453
475 4454
476 4455
477 4459
478 4460
479 4461
480 4462
481 4463
482 4464
483 4465
484 4466
485 4468
486 4469
487 4470
488 4471
489 4473
490 4474
491 4475
492 4477
493 4478
494 4479
495 4480
496 4481
497 4483
498 4484
499 4485
500 4486
501 4487
502 4488
503 4489
504 4490
505 4491
506 4492
507 4493
508 4494
509 4496
510 4497
511 4499
512 4501
513 4502
514 4505
515 4506
516 4507
517 4508
518 4512
519 4516
520 4517
521 4521
522 4522
523 4523
524 4524
525 4525
526 4526
527 4527
528 4529
529 4531
530 4532
531 4534
532 4535
533 4537
534 4538
535 4539
536 4550
537 4551
538 4552
539 4553
540 4554
541 4555
542 4563
543 4564
544 4565
545 4566
546 4567
547 4569
548 4577
549 4582
550 4584
551 4585
552 4588
553 4589
554 4590
555 4591
556 4592
557 4593
558 4594
559 4595
560 4596
561 4597
562 4599
563 4600
564 4601
565 4602
566 4603
567 4604
568 4605
569 4606
570 4607
571 4608
572 4609
573 4610
574 4611
575 4612
576 4613
577 4614
578 4615
579 4616
580 4617
581 4618
582 4619
583 4620
584 4621
585 4622
586 4623
587 4624
588 4625
589 4626
590 4627
591 4628
592 4629
593 4630
594 4631
595 4632
596 4633
597 4634
598 4635
599 4636
600 4637
601 4638
602 4639
603 4640
604 4641
605 4642
606 4643
607 4644
608 4645
609 4646
610 4647
611 4648
612 4649
613 4650
614 4651
615 4652
616 4653
617 4654
618 4655
619 4656
620 4657
621 4658
622 4661
623 4662
624 4663
625 4664
626 4666
627 4667
628 4668
629 4669
630 4671
631 4672
632 4673
633 4674
634 4675
635 4676
636 4677
637 4678
638 4679
639 4680
640 4681
641 4682
642 4683
643 4684
644 4685
645 4686
646 4687
647 4688
648 4689
649 4690
650 4691
651 4692
652 4693
653 4694
654 4695
655 4696
656 4697
657 4698
658 4699
659 4700
660 4701
661 4702
662 4703
663 4704
664 4705
665 4706
666 4707
667 4708
668 4709
669 4710
670 4711
671 4712
672 4713
673 4714
674 4715
675 4716
676 4717
677 4718
678 4719
679 4720
680 4721
681 4722
682 4723
683 4724
684 4725
685 4726
686 4727
687 4728
688 4729
689 4730
690 4731
691 4732
692 4733
693 4734
694 4735
695 4737
696 4738
697 4739
698 4740
699 4741
700 4742
701 4743
702 4744
703 4745
704 4748
705 4749
706 4750
707 4751
708 4752
709 4753
710 4754
711 4755
712 4757
713 4758
714 4761
715 4762
716 4763
717 4764
718 4765
719 4774
720 4775
721 4776
722 4778
723 4779
724 4780
725 4781
726 4782
727 4783
728 4784
729 4790
730 4791
731 4792
732 4793
733 4794
734 4798
735 4800
736 4803
737 4807
738 4808
739 4809
740 4811
741 4814
742 4815
743 4816
744 4817
745 4819
746 4820
747 4821
748 4822
749 4823
750 4824
751 4825
752 4827
753 4828
754 4829
755 4830
756 4832
757 4833
758 4843
759 4847
760 4848
761 4850
762 4854
763 4856
764 4858
765 4860
766 4861
767 4862
768 4863
769 4864
770 4865
771 4866
772 4868
773 4869
774 4870
775 4871
776 4872
777 4873
778 4875
779 4877
780 4878
781 4879
782 4881
783 4882
784 4883
785 4885
786 4886
787 4887
788 4888
789 4890
790 4891
791 4893
792 4895
793 4897
794 4898
795 4899
796 4900
797 4901
798 4902
799 4903
800 4904
801 4905
802 4906
803 4907
804 4908
805 4909
806 4910
807 4911
808 4912
809 4913
810 4914
811 4915
812 4916
813 4917
814 4918
815 4919
816 4920
817 4922
818 4924
819 4925
820 4926
821 4927
822 4928
823 4929
824 4930
825 4931
826 4932
827 4933
828 4934
829 4939
830 4940
831 4941
832 4942
833 4943
834 4944
835 4945
836 4946
837 4947
838 4948
839 4949
840 4950
841 4951
842 4952
843 4953
844 4954
845 4955
846 4956
847 4957
848 4958
849 4959
850 4960
851 4961
852 4962
853 4963
854 4964
855 4965
856 4966
857 4967
858 4968
859 4969
860 4970
861 4971
862 4972
863 4973
864 4975
865 4976
866 4977
867 4978
868 4979
869 4980
870 4981
871 4982
872 4983
873 4984
874 4985
875 4992
876 4995
877 4997
878 5002
879 5003
880 5004
881 5005
882 5007
883 5008
884 5009
885 5010
886 5011
887 5013
888 5016
889 5017
890 5018
891 5020
892 5022
893 5023
894 5024
895 5025
896 5027
897 5028
898 5029
899 5030
900 5031
901 5032
902 5033
903 5034
904 5035
905 5036
906 5037
907 5038
908 5039
909 5040
910 5041
911 5042
912 5043
913 5044
914 5046
915 5047
916 5048
917 5049
918 5050
919 5051
920 5052
921 5053
922 5054
923 5055
924 5056
925 5057
926 5058
927 5059
928 5060
929 5061
930 5062
931 5063
932 5064
933 5065
934 5066
935 5067
936 5068
937 5069
938 5070
939 5072
940 5073
941 5074
942 5075
943 5076
944 5077
945 5080
946 5081
947 5082
948 5084
949 5085
950 5086
951 5087
952 5088
953 5089
954 5090
955 5092
956 5093
957 5094
958 5095
959 5096
960 5097
961 5098
962 5099
963 5100
964 5101
965 5107
966 5108
967 5109
968 5110
969 5114
970 5115
971 5116
972 5117
973 5118
974 5119
975 5120
976 5121
977 5123
978 5124
979 5125
980 5126
981 5130
982 5131
983 5132
984 5135
985 5137
986 5138
987 5139
988 5141
989 5142
990 5144
991 5145
992 5146
993 5147
994 5148
995 5149
996 5150
997 5151
998 5152
999 5153
1000 5155
1001 5156
1002 5157
1003 5158
1004 5159
1005 5160
1006 5161
1007 5162
1008 5164
1009 5166
1010 5169
1011 5170
1012 5172
1013 5173
1014 5176
1015 5177
1016 5178
1017 5179
1018 5180
1019 5181
1020 5182
1021 5183
1022 5187
1023 5188
1024 5189
1025 5190
1026 5192
1027 5193
1028 5196
1029 5198
1030 5199
1031 5200
1032 5202
1033 5203
1034 5204
1035 5205
1036 5207
1037 5209
1038 5210
1039 5215
1040 5216
1041 5219
1042 5221
1043 5222
1044 5223
1045 5225
1046 5226
1047 5227
1048 5228
1049 5229
1050 5230
1051 5231
1052 5232
1053 5233
1054 5234
1055 5235
1056 5236
1057 5237
1058 5239
1059 5241
1060 5243
1061 5244
1062 5245
1063 5246
1064 5248
1065 5249
1066 5251
1067 5252
1068 5253
1069 5255
1070 5256
1071 5260
1072 5261
1073 5262
1074 5263
1075 5264
1076 5265
1077 5268
1078 5269
1079 5270
1080 5271
1081 5272
1082 5273
1083 5274
1084 5275
1085 5277
1086 5278
1087 5279
1088 5280
1089 5282
1090 5283
1091 5284
1092 5285
1093 5286
1094 5287
1095 5288
1096 5289
1097 5291
1098 5292
1099 5293
1100 5294
1101 5295
1102 5297
1103 5298
1104 5299
1105 5300
1106 5301
1107 5302
1108 5303
1109 5304
1110 5305
1111 5306
1112 5307
1113 5309
1114 5311
1115 5312
1116 5313
1117 5314
1118 5315
1119 5316
1120 5317
1121 5318
1122 5319
1123 5320
1124 5321
1125 5322
1126 5323
1127 5324
1128 5325
1129 5326
1130 5327
1131 5328
1132 5329
1133 5331
1134 5332
1135 5333
1136 5334
1137 5336
1138 5337
1139 5338
1140 5339
1141 5340
1142 5342
1143 5343
1144 5344
1145 5345
1146 5346
1147 5347
1148 5348
1149 5349
1150 5350
1151 5351
1152 5352
1153 5354
1154 5356
1155 5357
1156 5358
1157 5359
1158 5361
1159 5364
1160 5366
1161 5367
1162 5368
1163 5369
1164 5370
1165 5371
1166 5372
1167 5373
1168 5374
1169 5375
1170 5381
1171 5382
1172 5383
1173 5384
1174 5385
1175 5386
1176 5387
1177 5389
1178 5392
1179 5396
1180 5397
1181 5398
1182 5402
1183 5403
1184 5404
1185 5405
1186 5407
1187 5408
1188 5410
1189 5411
1190 5416
1191 5417
1192 5418
1193 5419
1194 5420
1195 5422
1196 5423
1197 5424
1198 5425
1199 5426
1200 5428
1201 5430
1202 5431
1203 5433
1204 5434
1205 5436
1206 5437
1207 5438
