1 1082
2 1083
3 1084
4 1085
5 1087
6 1088
7 1089
8 1090
9 1092
10 1097
11 1098
12 1099
13 1100
14 1101
15 1102
16 1103
17 1104
18 1105
19 1106
20 1107
21 1108
22 1109
23 1110
24 1111
25 1112
26 1113
27 1115
28 1118
29 1119
30 1120
31 1121
32 1122
33 1123
34 1124
35 1125
36 1126
37 1127
38 1128
39 1129
40 1130
41 1131
42 1132
43 1133
44 1134
45 1135
46 1142
47 1143
48 1144
49 1145
50 1146
51 1147
52 1148
53 1150
54 1151
55 1152
56 1153
57 1154
58 1155
59 1156
60 1157
61 1158
62 1159
63 1161
64 1162
65 1163
66 1164
67 1165
68 1166
69 1167
70 1168
71 1169
72 1170
73 1171
74 1172
75 1173
76 1174
77 1193
78 1194
79 1195
80 1196
81 1198
82 1203
83 1204
84 1205
85 1206
86 1207
87 1209
88 1211
89 1212
90 1213
91 1214
92 1215
93 1216
94 1218
95 1220
96 1221
97 1222
98 1223
99 1225
100 1226
101 1227
102 1228
103 1229
104 1230
105 1231
106 1232
107 1233
108 1234
109 1235
110 1236
111 1237
112 1238
113 1239
114 1261
115 1262
116 1263
117 1264
118 1265
119 1266
120 1267
121 1269
122 1270
123 1271
124 1272
125 1273
126 1275
127 1276
128 1277
129 1278
130 1279
131 1280
132 1281
133 1282
134 1283
135 1284
136 1285
137 1286
138 1291
139 1292
140 1294
141 1296
142 1297
143 1298
144 1299
145 1300
146 1301
147 1302
148 1303
149 1304
150 1305
151 1306
152 1307
153 1308
154 1309
155 1310
156 1311
157 1312
158 1314
159 1317
160 1318
161 1319
162 1320
163 1321
164 1322
165 1324
166 1325
167 1326
168 1328
169 1330
170 1331
171 1332
172 1333
173 1334
174 1335
175 1337
176 1338
177 1339
178 1340
179 1343
180 1344
181 1345
182 1346
183 1347
184 1349
185 1351
186 1352
187 1353
188 1354
189 1358
190 1359
191 1360
192 1362
193 1364
194 1365
195 1367
196 1370
197 1371
198 1372
199 1373
200 1374
201 1375
202 1376
203 1377
204 1378
205 1379
206 1380
207 1381
208 1382
209 1383
210 1384
211 1385
212 1386
213 1390
214 1394
215 1395
216 1396
217 1397
218 1398
219 1399
220 1400
221 1401
222 1402
223 1403
224 1404
225 1407
226 1408
227 1414
228 1415
229 1444
230 1447
231 1448
232 1450
233 1451
234 1452
235 1456
236 1460
237 1469
238 1471
239 1474
240 1477
241 1478
242 1479
243 1480
244 1481
245 1482
246 1488
247 1489
248 1490
249 1493
250 1494
251 1495
252 1496
253 1497
254 1503
255 1505
256 1506
257 1507
258 1508
259 1509
260 1510
261 1511
262 1512
263 1513
264 1514
265 1515
266 1519
267 1520
268 1521
269 1523
270 1524
271 1527
272 1528
273 1553
274 1554
275 1555
276 1556
277 1557
278 1558
279 1559
280 1560
281 1561
282 1562
283 1563
284 1564
285 1565
286 1566
287 1567
288 1568
289 1569
290 1570
291 1571
292 1572
293 1573
294 1574
295 1575
296 1576
297 1577
298 1578
299 1579
300 1580
301 1581
302 1582
303 1583
304 1584
305 1585
306 1586
307 1587
308 1588
309 1589
310 1590
311 1591
312 1592
313 1593
314 1594
315 1595
316 1596
317 1597
318 1598
319 1599
320 1600
321 1601
322 1602
323 1603
324 1604
325 1605
326 1606
327 1611
328 1612
329 1613
330 1614
331 1615
332 1617
333 1618
334 1619
335 1621
336 1622
337 1623
338 1624
339 1625
340 1626
341 1627
342 1628
343 1632
344 1633
345 1634
346 1635
347 1675
348 1676
349 1677
350 1680
351 1681
352 1682
353 1685
354 1686
355 1692
356 1693
357 1694
358 1695
359 1696
360 1697
361 1698
362 1699
363 1703
364 1704
365 1705
366 1706
367 1707
368 1708
369 1709
370 1710
371 1711
372 1713
373 1715
374 1716
375 1717
376 1718
377 1719
378 1720
379 1721
380 1722
381 1724
382 1725
383 1726
384 1727
385 1728
386 1731
387 1732
388 1733
389 1734
390 1735
391 1736
392 1743
393 1744
394 1747
395 1752
396 1753
397 1754
398 1755
399 1756
400 1757
401 1758
402 1759
403 1761
404 1764
405 1765
406 1766
407 1767
408 1768
409 1771
410 1776
411 1777
412 1778
413 1779
414 1780
415 1781
416 1782
417 1783
418 1786
419 1787
420 1788
421 1789
422 1790
423 1791
424 1793
425 1794
426 1797
427 1808
428 1810
429 1812
430 1813
431 1815
432 1817
433 1818
434 1819
435 1820
436 1821
437 1825
438 1826
439 1827
440 1828
441 1838
442 1839
443 1840
444 1841
445 1842
446 1843
447 1846
448 1848
449 1849
450 1850
451 1851
452 1852
453 1853
454 1855
455 1856
456 1857
457 1858
458 1860
459 1861
460 1862
461 1863
462 1864
463 1865
464 1866
465 1870
466 1871
467 1872
468 1873
469 1874
470 1875
471 1876
472 1877
473 1878
474 1879
475 1880
476 1881
477 1882
478 1883
479 1884
480 1885
481 1886
482 1887
483 1905
484 1906
485 1907
486 1908
487 1909
488 1910
489 1911
490 1912
491 1913
492 1925
493 1926
494 1927
495 1928
496 1929
497 1930
498 1931
499 1932
500 1933
501 1934
502 1935
503 1936
504 1937
505 1938
506 1939
507 1940
508 1941
509 1942
510 1943
511 1944
512 1945
513 1946
514 1947
515 1948
516 1949
517 1950
518 1951
519 1952
520 1953
521 1954
522 1955
523 1956
524 1957
525 1958
526 1959
527 1960
528 1961
529 1962
530 1963
531 1964
532 1965
533 1966
534 1967
535 1968
536 1969
537 1970
538 1971
539 1972
540 1973
541 1974
542 1975
543 1976
544 1977
545 1978
546 1979
547 1980
548 1981
549 1982
550 1983
551 1984
552 1985
553 1987
554 1990
555 1991
556 1992
557 1993
558 1994
559 1995
560 1996
561 1997
562 1998
563 1999
564 2000
565 2001
566 2002
567 2003
568 2004
569 2005
570 2006
571 2007
572 2015
573 2016
574 2018
575 2019
576 2021
577 2026
578 2028
579 2033
580 2037
581 2038
582 2039
583 2040
584 2041
585 2042
586 2043
587 2044
588 2045
589 2046
590 2047
591 2048
592 2049
593 2050
594 2052
595 2054
596 2055
597 2056
598 2057
599 2058
600 2060
601 2061
602 2062
603 2063
604 2065
605 2066
606 2067
607 2068
608 2069
609 2070
610 2072
611 2073
612 2074
613 2075
614 2076
615 2077
616 2078
617 2079
618 2080
619 2081
620 2082
621 2083
622 2084
623 2086
624 2087
625 2088
626 2091
627 2092
628 2093
629 2094
630 2095
631 2096
632 2097
633 2098
634 2099
635 2100
636 2101
637 2102
638 2103
639 2104
640 2105
641 2106
642 2107
643 2108
644 2109
645 2110
646 2111
647 2112
648 2113
649 2114
650 2115
651 2116
652 2117
653 2118
654 2119
655 2120
656 2121
657 2122
658 2123
659 2124
660 2125
661 2126
662 2127
663 2128
664 2129
665 2130
666 2131
667 2132
668 2133
669 2134
670 2135
671 2136
672 2137
673 2138
674 2139
675 2140
676 2141
677 2142
678 2143
679 2144
680 2145
681 2146
682 2147
683 2148
684 2149
685 2150
686 2151
687 2152
688 2153
689 2154
690 2155
691 2156
692 2157
693 2158
694 2159
695 2160
696 2161
697 2162
698 2163
699 2164
700 2165
701 2166
702 2167
703 2168
704 2169
705 2170
706 2171
707 2172
708 2173
709 2174
710 2175
711 2176
712 2177
713 2178
714 2179
715 2180
716 2181
717 2182
718 2183
719 2184
720 2185
721 2186
722 2187
723 2188
724 2189
725 2190
726 2191
727 2192
728 2193
729 2194
730 2195
731 2196
732 2197
733 2198
734 2199
735 2200
736 2201
737 2202
738 2203
739 2204
740 2205
741 2206
742 2207
743 2208
744 2209
745 2210
746 2211
747 2212
748 2213
749 2214
750 2215
751 2216
752 2217
753 2218
754 2219
755 2220
756 2221
757 2222
758 2223
759 2224
760 2225
761 2226
762 2227
763 2228
764 2229
765 2230
766 2231
767 2232
768 2233
769 2234
770 2235
771 2236
772 2237
773 2238
774 2239
775 2240
776 2241
777 2242
778 2243
779 2244
780 2245
781 2246
782 2247
783 2248
784 2249
785 2250
786 2251
787 2252
788 2253
789 2254
790 2255
791 2256
792 2257
793 2258
794 2260
795 2261
796 2262
797 2263
798 2264
799 2265
800 2266
801 2267
802 2268
803 2269
804 2270
805 2276
806 2277
807 2278
808 2279
809 2280
810 2282
811 2283
812 2284
813 2285
814 2286
815 2287
816 2288
817 2289
818 2290
819 2291
820 2292
821 2293
822 2294
823 2295
824 2297
825 2298
826 2299
827 2300
828 2301
829 2302
830 2303
831 2304
832 2305
833 2306
834 2310
835 2311
836 2312
837 2313
838 2315
839 2316
840 2317
841 2318
842 2321
843 2322
844 2323
845 2324
846 2325
847 2327
848 2328
849 2329
850 2330
851 2331
852 2332
853 2333
854 2334
855 2336
856 2337
857 2339
858 2340
859 2341
860 2342
861 2344
862 2346
863 2347
864 2348
865 2349
866 2350
867 2351
868 2354
869 2355
870 2356
871 2357
872 2358
873 2359
874 2360
875 2361
876 2362
877 2363
878 2364
879 2365
880 2366
881 2367
882 2368
883 2369
884 2372
885 2373
886 2374
887 2375
888 2376
889 2380
890 2383
891 2384
892 2385
893 2386
894 2387
895 2388
896 2389
897 2390
898 2391
899 2392
900 2393
901 2394
902 2395
903 2396
904 2397
905 2399
906 2400
907 2401
908 2402
909 2403
910 2405
911 2406
912 2407
913 2410
914 2411
915 2412
916 2413
917 2419
918 2420
919 2421
920 2422
921 2423
922 2424
923 2425
924 2426
925 2427
926 2428
