1 2726
2 2727
3 2728
4 2729
5 2732
6 2733
7 2734
8 2737
9 2740
10 2741
11 2742
12 2743
13 2744
14 2745
15 2746
16 2747
17 2748
18 2749
19 2750
20 2751
21 2752
22 2753
23 2754
24 2755
25 2757
26 2758
27 2759
28 2766
29 2767
30 2768
31 2771
32 2772
33 2773
34 2774
35 2776
36 2778
37 2780
38 2781
39 2784
40 2785
41 2786
42 2787
43 2788
44 2789
45 2790
46 2791
47 2792
48 2793
49 2794
50 2802
51 2810
52 2811
53 2813
54 2814
55 2815
56 2816
57 2817
58 2819
59 2820
60 2826
61 2827
62 2828
63 2830
64 2831
65 2836
66 2837
67 2838
68 2839
69 2840
70 2841
71 2842
72 2843
73 2844
74 2845
75 2846
76 2847
77 2849
78 2850
79 2851
80 2852
81 2853
82 2855
83 2856
84 2857
85 2858
86 2859
87 2860
88 2861
89 2862
90 2864
91 2867
92 2868
93 2870
94 2871
95 2872
96 2873
97 2874
98 2875
99 2876
100 2877
101 2880
102 2885
103 2886
104 2887
105 2891
106 2893
107 2894
108 2896
109 2897
110 2898
111 2899
112 2900
113 2901
114 2902
115 2903
116 2904
117 2905
118 2907
119 2908
120 2911
121 2912
122 2917
123 2918
124 2919
125 2920
126 2921
127 2923
128 2925
129 2927
130 2928
131 2929
132 2931
133 2932
134 2933
135 2934
136 2935
137 2936
138 2937
139 2945
140 2946
141 2948
142 2950
143 2951
144 2953
145 2954
146 2955
147 2956
148 2958
149 2959
150 2960
151 2961
152 2962
153 2963
154 2964
155 2965
156 2967
157 2979
158 2980
159 2981
160 2982
161 2983
162 2986
163 2987
164 2988
165 2990
166 2991
167 2992
168 2993
169 2994
170 2995
171 2996
172 2999
173 3000
174 3002
175 3003
176 3004
177 3005
178 3006
179 3007
180 3008
181 3009
182 3010
183 3011
184 3012
185 3013
186 3014
187 3015
188 3016
189 3017
190 3018
191 3019
192 3020
193 3021
194 3022
195 3023
196 3024
197 3026
198 3027
199 3028
200 3029
201 3032
202 3033
203 3034
204 3035
205 3036
206 3038
207 3040
208 3042
209 3043
210 3044
211 3045
212 3046
213 3047
214 3048
215 3049
216 3050
217 3051
218 3052
219 3053
220 3054
221 3055
222 3056
223 3057
224 3058
225 3059
226 3061
227 3065
228 3066
229 3067
230 3068
231 3070
232 3071
233 3072
234 3073
235 3075
236 3076
237 3079
238 3080
239 3082
240 3083
241 3085
242 3086
243 3087
244 3092
245 3093
246 3094
247 3095
248 3096
249 3097
250 3101
251 3102
252 3104
253 3110
254 3111
255 3114
256 3116
257 3117
258 3118
259 3119
260 3120
261 3121
262 3122
263 3123
264 3124
265 3142
266 3148
267 3149
268 3150
269 3155
270 3158
271 3159
272 3163
273 3176
274 3178
275 3179
276 3180
277 3181
278 3182
279 3193
280 3194
281 3195
282 3197
283 3198
284 3200
285 3202
286 3204
287 3205
288 3210
289 3213
290 3222
291 3223
292 3224
293 3225
294 3227
295 3228
296 3230
297 3231
298 3232
299 3235
300 3236
301 3237
302 3238
303 3239
304 3240
305 3241
306 3242
307 3243
308 3244
309 3246
310 3248
311 3251
312 3252
313 3253
314 3254
315 3255
316 3256
317 3257
318 3259
319 3260
320 3261
321 3262
322 3264
323 3265
324 3266
325 3267
326 3268
327 3269
328 3270
329 3273
330 3275
331 3276
332 3277
333 3278
334 3279
335 3280
336 3281
337 3284
338 3285
339 3286
340 3287
341 3288
342 3289
343 3290
344 3291
345 3292
346 3293
347 3294
348 3295
349 3296
350 3297
351 3298
352 3299
353 3300
354 3306
355 3308
356 3309
357 3310
358 3311
359 3312
360 3313
361 3314
362 3336
363 3337
364 3338
365 3339
366 3340
367 3341
368 3342
369 3343
370 3344
371 3347
372 3348
373 3351
374 3352
375 3353
376 3354
377 3355
378 3356
379 3357
380 3359
381 3360
382 3361
383 3362
384 3369
385 3370
386 3371
387 3372
388 3373
389 3374
390 3375
391 3376
392 3377
393 3378
394 3379
395 3380
396 3384
397 3386
398 3387
399 3388
400 3389
401 3395
402 3396
403 3397
404 3398
405 3401
406 3404
407 3406
408 3407
409 3408
410 3411
411 3416
412 3420
413 3427
414 3428
415 3429
416 3430
417 3431
418 3432
419 3433
420 3434
421 3435
422 3436
423 3437
424 3444
425 3445
426 3446
427 3447
428 3448
429 3449
430 3450
431 3451
432 3452
433 3453
434 3454
435 3455
436 3456
437 3457
438 3458
439 3459
440 3461
441 3463
442 3464
443 3465
444 3466
445 3467
446 3469
447 3470
448 3474
449 3475
450 3477
451 3478
452 3487
453 3488
454 3489
455 3492
456 3493
457 3499
458 3500
459 3502
460 3503
461 3504
462 3505
463 3507
464 3508
465 3514
466 3516
467 3520
468 3522
469 3527
470 3533
471 3535
472 3536
473 3537
474 3541
475 3542
476 3554
477 3555
478 3556
479 3564
480 3568
481 3573
482 3578
483 3581
484 3583
485 3585
486 3586
487 3600
488 3610
489 3612
490 3614
491 3615
492 3616
493 3617
494 3618
495 3619
496 3624
497 3627
498 3630
499 3631
500 3632
501 3633
502 3634
503 3635
504 3636
505 3637
506 3638
507 3639
508 3640
509 3681
510 3714
511 3715
512 3720
513 3723
514 3724
515 3725
516 3726
517 3727
518 3728
519 3729
520 3730
521 3732
522 3733
523 3734
524 3735
525 3736
526 3737
527 3738
528 3739
529 3740
530 3741
531 3742
532 3749
533 3750
534 3751
535 3752
536 3753
537 3754
538 3755
539 3756
540 3757
541 3758
542 3761
543 3763
544 3764
545 3765
