1 3805
2 3806
3 3807
4 3808
5 3810
6 3811
7 3812
8 3813
9 3815
10 3820
11 3821
12 3822
13 3823
14 3824
15 3825
16 3826
17 3827
18 3828
19 3829
20 3830
21 3831
22 3832
23 3833
24 3834
25 3835
26 3836
27 3838
28 3841
29 3842
30 3843
31 3844
32 3845
33 3846
34 3847
35 3848
36 3849
37 3850
38 3851
39 3852
40 3853
41 3854
42 3855
43 3856
44 3857
45 3858
46 3865
47 3866
48 3867
49 3868
50 3869
51 3870
52 3871
53 3873
54 3874
55 3875
56 3876
57 3877
58 3878
59 3879
60 3880
61 3881
62 3882
63 3884
64 3885
65 3886
66 3887
67 3888
68 3889
69 3890
70 3891
71 3892
72 3893
73 3894
74 3895
75 3896
76 3897
77 3916
78 3917
79 3918
80 3919
81 3921
82 3926
83 3927
84 3928
85 3929
86 3930
87 3932
88 3934
89 3935
90 3936
91 3937
92 3938
93 3939
94 3941
95 3943
96 3944
97 3945
98 3946
99 3948
100 3949
101 3950
102 3951
103 3952
104 3953
105 3954
106 3955
107 3956
108 3957
109 3958
110 3959
111 3960
112 3961
113 3962
114 3984
115 3985
116 3986
117 3987
118 3988
119 3989
120 3990
121 3992
122 3993
123 3994
124 3995
125 3996
126 3998
127 3999
128 4000
129 4001
130 4002
131 4003
132 4004
133 4005
134 4006
135 4007
136 4008
137 4009
138 4014
139 4015
140 4017
141 4019
142 4020
143 4021
144 4022
145 4023
146 4024
147 4025
148 4026
149 4027
150 4028
151 4029
152 4030
153 4031
154 4032
155 4033
156 4034
157 4035
158 4037
159 4040
160 4041
161 4042
162 4043
163 4044
164 4045
165 4047
166 4048
167 4049
168 4051
169 4053
170 4054
171 4055
172 4056
173 4057
174 4058
175 4060
176 4061
177 4062
178 4063
179 4066
180 4067
181 4068
182 4069
183 4070
184 4072
185 4074
186 4075
187 4076
188 4077
189 4081
190 4082
191 4083
192 4085
193 4087
194 4088
195 4090
196 4093
197 4094
198 4095
199 4096
200 4097
201 4098
202 4099
203 4100
204 4101
205 4102
206 4103
207 4104
208 4105
209 4106
210 4107
211 4108
212 4109
213 4113
214 4117
215 4118
216 4119
217 4120
218 4121
219 4122
220 4123
221 4124
222 4125
223 4126
224 4127
225 4130
226 4131
227 4137
228 4138
229 4167
230 4170
231 4171
232 4173
233 4174
234 4175
235 4179
236 4183
237 4192
238 4194
239 4197
240 4200
241 4201
242 4202
243 4203
244 4204
245 4205
246 4211
247 4212
248 4213
249 4216
250 4217
251 4218
252 4219
253 4220
254 4226
255 4228
256 4229
257 4230
258 4231
259 4232
260 4233
261 4234
262 4235
263 4236
264 4237
265 4238
266 4242
267 4243
268 4244
269 4246
270 4247
271 4250
272 4251
273 4276
274 4277
275 4278
276 4279
277 4280
278 4281
279 4282
280 4283
281 4284
282 4285
283 4286
284 4287
285 4288
286 4289
287 4290
288 4291
289 4292
290 4293
291 4294
292 4295
293 4296
294 4297
295 4298
296 4299
297 4300
298 4301
299 4302
300 4303
301 4304
302 4305
303 4306
304 4307
305 4308
306 4309
307 4310
308 4311
309 4312
310 4313
311 4314
312 4315
313 4316
314 4317
315 4318
316 4319
317 4320
318 4321
319 4322
320 4323
321 4324
322 4325
323 4326
324 4327
325 4328
326 4329
327 4334
328 4335
329 4336
330 4337
331 4338
332 4340
333 4341
334 4342
335 4344
336 4345
337 4346
338 4347
339 4348
340 4349
341 4350
342 4351
343 4355
344 4356
345 4357
346 4358
347 4398
348 4399
349 4400
350 4403
351 4404
352 4405
353 4408
354 4409
355 4415
356 4416
357 4417
358 4418
359 4419
360 4420
361 4421
362 4422
363 4426
364 4427
365 4428
366 4429
367 4430
368 4431
369 4432
370 4433
371 4434
372 4436
373 4438
374 4439
375 4440
376 4441
377 4442
378 4443
379 4444
380 4445
381 4447
382 4448
383 4449
384 4450
385 4451
386 4454
387 4455
388 4456
389 4457
390 4458
391 4459
392 4466
393 4467
394 4470
395 4475
396 4476
397 4477
398 4478
399 4479
400 4480
401 4481
402 4482
403 4484
404 4487
405 4488
406 4489
407 4490
408 4491
409 4494
410 4499
411 4500
412 4501
413 4502
414 4503
415 4504
416 4505
417 4506
418 4509
419 4510
420 4511
421 4512
422 4513
423 4514
424 4516
425 4517
426 4520
427 4531
428 4533
429 4535
430 4536
431 4538
432 4540
433 4541
434 4542
435 4543
436 4544
437 4548
438 4549
439 4550
440 4551
441 4561
442 4562
443 4563
444 4564
445 4565
446 4566
447 4569
448 4571
449 4572
450 4573
451 4574
452 4575
453 4576
454 4578
455 4579
456 4580
457 4581
458 4583
459 4584
460 4585
461 4586
462 4587
463 4588
464 4589
465 4593
466 4594
467 4595
468 4596
469 4597
470 4598
471 4599
472 4600
473 4601
474 4602
475 4603
476 4604
477 4605
478 4606
479 4607
480 4608
481 4609
482 4610
483 4628
484 4629
485 4630
486 4631
487 4632
488 4633
489 4634
490 4635
491 4636
492 4648
493 4649
494 4650
495 4651
496 4652
497 4653
498 4654
499 4655
500 4656
501 4657
502 4658
503 4659
504 4660
505 4661
506 4662
507 4663
508 4664
509 4665
510 4666
511 4667
512 4668
513 4669
514 4670
515 4671
516 4672
517 4673
518 4674
519 4675
520 4676
521 4677
522 4678
523 4679
524 4680
525 4681
526 4682
527 4683
528 4684
529 4685
530 4686
531 4687
532 4688
533 4689
534 4690
535 4691
536 4692
537 4693
538 4694
539 4695
540 4696
541 4697
542 4698
543 4699
544 4700
545 4701
546 4702
547 4703
548 4704
549 4705
550 4706
551 4707
552 4708
553 4710
554 4713
555 4714
556 4715
557 4716
558 4717
559 4718
560 4719
561 4720
562 4721
563 4722
564 4723
565 4724
566 4725
567 4726
568 4727
569 4728
570 4729
571 4730
572 4738
573 4739
574 4741
575 4742
576 4744
577 4749
578 4751
579 4756
580 4760
581 4761
582 4762
583 4763
584 4764
585 4765
586 4766
587 4767
588 4768
589 4769
590 4770
591 4771
592 4772
593 4773
594 4775
595 4777
596 4778
597 4779
598 4780
599 4781
600 4783
601 4784
602 4785
603 4786
604 4788
605 4789
606 4790
607 4791
608 4792
609 4793
610 4795
611 4796
612 4797
613 4798
614 4799
615 4800
616 4801
617 4802
618 4803
619 4804
620 4805
621 4806
622 4807
623 4809
624 4810
625 4811
626 4814
627 4815
628 4816
629 4817
630 4818
631 4819
632 4820
633 4821
634 4822
635 4823
636 4824
637 4825
638 4826
639 4827
640 4828
641 4829
642 4830
643 4831
644 4832
645 4833
646 4834
647 4835
648 4836
649 4837
650 4838
651 4839
652 4840
653 4841
654 4842
655 4843
656 4844
657 4845
658 4846
659 4847
660 4848
661 4849
662 4850
663 4851
664 4852
665 4853
666 4854
667 4855
668 4856
669 4857
670 4858
671 4859
672 4860
673 4861
674 4862
675 4863
676 4864
677 4865
678 4866
679 4867
680 4868
681 4869
682 4870
683 4871
684 4872
685 4873
686 4874
687 4875
688 4876
689 4877
690 4878
691 4879
692 4880
693 4881
694 4882
695 4883
696 4884
697 4885
698 4886
699 4887
700 4888
701 4889
702 4890
703 4891
704 4892
705 4893
706 4894
707 4895
708 4896
709 4897
710 4898
711 4899
712 4900
713 4901
714 4902
715 4903
716 4904
717 4905
718 4906
719 4907
720 4908
721 4909
722 4910
723 4911
724 4912
725 4913
726 4914
727 4915
728 4916
729 4917
730 4918
731 4919
732 4920
733 4921
734 4922
735 4923
736 4924
737 4925
738 4926
739 4927
740 4928
741 4929
742 4930
743 4931
744 4932
745 4933
746 4934
747 4935
748 4936
749 4937
750 4938
751 4939
752 4940
753 4941
754 4942
755 4943
756 4944
757 4945
758 4946
759 4947
760 4948
761 4949
762 4950
763 4951
764 4952
765 4953
766 4954
767 4955
768 4956
769 4957
770 4958
771 4959
772 4960
773 4961
774 4962
775 4963
776 4964
777 4965
778 4966
779 4967
780 4968
781 4969
782 4970
783 4971
784 4972
785 4973
786 4974
787 4975
788 4976
789 4977
790 4978
791 4979
792 4980
793 4981
794 4983
795 4984
796 4985
797 4986
798 4987
799 4988
800 4989
801 4990
802 4991
803 4992
804 4993
805 4999
806 5000
807 5001
808 5002
809 5003
810 5005
811 5006
812 5007
813 5008
814 5009
815 5010
816 5011
817 5012
818 5013
819 5014
820 5015
821 5016
822 5017
823 5018
824 5020
825 5021
826 5022
827 5023
828 5024
829 5025
830 5026
831 5027
832 5028
833 5029
834 5033
835 5034
836 5035
837 5036
838 5038
839 5039
840 5040
841 5041
842 5044
843 5045
844 5046
845 5047
846 5048
847 5050
848 5051
849 5052
850 5053
851 5054
852 5055
853 5056
854 5057
855 5059
856 5060
857 5062
858 5063
859 5064
860 5065
861 5067
862 5069
863 5070
864 5071
865 5072
866 5073
867 5074
868 5077
869 5078
870 5079
871 5080
872 5081
873 5082
874 5083
875 5084
876 5085
877 5086
878 5087
879 5088
880 5089
881 5090
882 5091
883 5092
884 5095
885 5096
886 5097
887 5098
888 5099
889 5103
890 5106
891 5107
892 5108
893 5109
894 5110
895 5111
896 5112
897 5113
898 5114
899 5115
900 5116
901 5117
902 5118
903 5119
904 5120
905 5122
906 5123
907 5124
908 5125
909 5126
910 5128
911 5129
912 5130
913 5133
914 5134
915 5135
916 5136
917 5142
918 5143
919 5144
920 5145
921 5146
922 5147
923 5148
924 5149
925 5150
926 5151
