1 5152
2 5153
3 5154
4 5157
5 5158
6 5159
7 5162
8 5163
9 5164
10 5165
11 5166
12 5167
13 5169
14 5170
15 5171
16 5173
17 5176
18 5178
19 5179
20 5180
21 5181
22 5182
23 5183
24 5184
25 5185
26 5186
27 5187
28 5188
29 5189
30 5191
31 5192
32 5193
33 5194
34 5195
35 5197
36 5198
37 5199
38 5200
39 5201
40 5202
41 5203
42 5204
43 5205
44 5206
45 5207
46 5208
47 5209
48 5210
49 5211
50 5212
51 5213
52 5214
53 5215
54 5216
55 5217
56 5218
57 5219
58 5220
59 5221
60 5222
61 5223
62 5224
63 5225
64 5226
65 5227
66 5228
67 5229
68 5230
69 5231
70 5232
71 5233
72 5234
73 5235
74 5236
75 5237
76 5238
77 5239
78 5240
79 5241
80 5242
81 5243
82 5244
83 5245
84 5246
85 5247
86 5248
87 5249
88 5250
89 5251
90 5252
91 5253
92 5254
93 5255
94 5256
95 5257
96 5258
97 5259
98 5260
99 5261
100 5262
101 5263
102 5264
103 5265
104 5266
105 5267
106 5268
107 5269
108 5270
109 5271
110 5272
111 5273
112 5274
113 5275
114 5276
115 5277
116 5278
117 5279
118 5280
119 5281
120 5282
121 5283
122 5284
123 5285
124 5286
125 5287
126 5288
127 5289
128 5290
129 5291
130 5292
131 5293
132 5294
133 5295
134 5296
135 5297
136 5298
137 5299
138 5300
139 5301
140 5302
141 5303
142 5304
143 5305
144 5306
145 5307
146 5309
147 5310
148 5311
149 5312
150 5313
151 5314
152 5315
153 5316
154 5317
155 5318
156 5319
157 5320
158 5322
159 5325
160 5326
161 5327
162 5328
163 5329
164 5330
165 5331
166 5332
167 5333
168 5334
169 5335
170 5336
171 5337
172 5338
173 5339
174 5340
175 5341
176 5342
177 5343
178 5344
179 5345
180 5346
181 5348
182 5349
183 5350
184 5351
185 5352
186 5353
187 5354
188 5355
189 5356
190 5357
191 5358
192 5359
193 5360
194 5361
195 5362
196 5363
197 5364
198 5365
199 5366
200 5367
201 5368
202 5369
203 5370
204 5371
205 5372
206 5373
207 5374
208 5375
209 5376
210 5377
211 5378
212 5379
213 5380
214 5381
215 5382
216 5383
217 5384
218 5385
219 5386
220 5387
221 5388
222 5389
223 5390
224 5393
225 5394
226 5395
227 5396
228 5397
229 5398
230 5399
231 5400
232 5401
233 5402
234 5403
235 5404
236 5405
237 5406
238 5407
239 5408
240 5409
241 5410
242 5411
243 5412
244 5413
245 5414
246 5415
247 5416
248 5417
249 5418
250 5419
251 5420
252 5423
253 5424
254 5425
255 5427
256 5428
257 5429
258 5430
259 5431
260 5434
261 5435
262 5436
263 5437
264 5438
265 5439
266 5440
267 5441
268 5442
269 5443
270 5444
271 5445
272 5446
273 5447
274 5448
275 5449
276 5450
277 5451
278 5452
279 5454
280 5455
281 5456
282 5457
283 5458
284 5459
285 5460
286 5461
287 5462
288 5463
289 5464
290 5465
291 5466
292 5467
293 5468
294 5469
295 5470
296 5471
297 5472
298 5473
299 5474
300 5475
301 5476
302 5477
303 5478
304 5479
305 5480
306 5481
307 5482
308 5483
309 5484
310 5485
311 5486
312 5487
313 5488
314 5489
315 5490
316 5492
317 5495
318 5496
319 5497
320 5498
321 5499
322 5500
323 5501
324 5502
325 5503
326 5504
327 5505
328 5506
329 5507
330 5508
331 5509
332 5512
333 5513
334 5514
335 5515
336 5516
337 5517
338 5519
339 5520
340 5521
341 5522
342 5523
343 5524
344 5525
345 5526
346 5527
347 5528
348 5529
349 5530
350 5531
351 5532
352 5533
353 5534
354 5535
355 5536
356 5537
357 5538
358 5539
359 5540
360 5541
361 5542
362 5543
363 5544
364 5545
365 5546
366 5547
367 5548
368 5549
369 5552
370 5553
371 5554
372 5555
373 5556
374 5558
375 5561
376 5562
377 5563
378 5564
379 5565
380 5566
381 5567
382 5568
383 5569
384 5570
385 5571
386 5572
387 5573
388 5574
389 5575
390 5576
391 5577
392 5578
393 5579
394 5580
395 5581
396 5582
397 5583
398 5584
399 5585
400 5586
401 5587
402 5588
403 5589
404 5590
405 5591
406 5592
407 5593
408 5594
409 5595
410 5596
411 5597
412 5598
413 5599
414 5600
415 5601
416 5602
417 5603
418 5604
419 5605
420 5606
421 5607
422 5608
423 5609
424 5610
425 5611
426 5612
427 5613
428 5614
429 5615
430 5616
431 5617
432 5618
433 5619
434 5620
435 5621
436 5623
437 5624
438 5625
439 5626
440 5627
441 5628
442 5630
443 5631
444 5632
445 5633
446 5634
447 5635
448 5636
449 5637
450 5638
451 5639
452 5640
453 5641
454 5642
455 5643
456 5644
457 5645
458 5646
459 5647
460 5648
461 5649
462 5650
463 5651
464 5652
465 5653
466 5654
467 5655
468 5656
469 5657
470 5658
471 5659
472 5660
473 5661
474 5662
475 5663
476 5664
477 5665
478 5666
479 5667
480 5668
481 5669
482 5670
483 5671
484 5672
485 5673
486 5674
487 5675
488 5676
489 5677
490 5678
491 5679
492 5680
493 5681
494 5682
495 5683
496 5684
497 5685
498 5686
499 5687
500 5688
501 5689
502 5690
503 5691
504 5692
505 5693
506 5694
507 5695
508 5696
509 5697
510 5698
511 5699
512 5700
513 5701
514 5702
515 5703
516 5704
517 5705
518 5706
519 5708
520 5709
521 5710
522 5711
523 5712
524 5713
525 5714
526 5715
527 5716
528 5717
529 5718
530 5719
531 5720
532 5721
533 5722
534 5723
535 5724
536 5725
537 5726
538 5727
539 5728
540 5729
541 5730
542 5731
543 5732
544 5733
545 5734
546 5735
547 5738
548 5739
549 5740
550 5741
551 5742
552 5743
553 5744
554 5745
555 5746
556 5747
557 5748
558 5749
559 5750
560 5751
561 5752
562 5753
563 5754
564 5755
565 5756
566 5757
567 5758
568 5759
569 5760
570 5761
571 5762
572 5763
573 5764
574 5765
575 5766
576 5767
577 5768
578 5769
579 5770
580 5771
581 5772
582 5773
583 5774
584 5775
585 5776
586 5777
587 5778
588 5779
589 5780
590 5781
591 5782
592 5783
593 5784
594 5785
595 5786
596 5787
597 5788
598 5789
599 5790
600 5791
601 5792
602 5793
603 5794
604 5795
605 5796
606 5797
607 5798
608 5799
609 5800
610 5801
611 5802
612 5803
613 5804
614 5805
615 5806
616 5807
617 5808
618 5809
619 5810
620 5811
621 5812
622 5813
623 5814
624 5815
625 5816
626 5817
627 5818
628 5819
629 5820
630 5821
631 5822
632 5823
633 5824
634 5825
635 5826
636 5827
637 5828
638 5829
639 5830
640 5831
641 5832
642 5833
643 5834
644 5835
645 5836
646 5837
647 5838
648 5839
649 5840
650 5841
651 5842
652 5843
653 5844
654 5845
655 5846
656 5847
657 5848
658 5849
659 5850
660 5851
661 5852
662 5853
663 5854
664 5859
665 5860
666 5861
667 5862
668 5863
669 5864
670 5865
671 5866
672 5867
673 5868
674 5869
675 5870
676 5871
677 5872
678 5873
679 5874
680 5875
681 5876
682 5877
683 5878
684 5879
685 5880
686 5881
687 5882
688 5883
689 5884
690 5885
691 5886
692 5887
693 5888
694 5889
695 5890
696 5891
697 5892
698 5893
699 5894
700 5895
701 5896
702 5897
703 5898
704 5899
705 5900
706 5901
707 5902
708 5903
709 5904
710 5905
711 5906
712 5907
713 5908
714 5909
715 5910
716 5911
717 5912
718 5913
719 5914
720 5915
721 5916
722 5917
723 5918
724 5919
725 5920
726 5921
727 5922
728 5923
729 5924
730 5927
731 5928
732 5934
733 5935
734 5936
735 5937
736 5938
737 5939
738 5940
739 5941
740 5942
741 5943
742 5944
743 5945
744 5946
745 5947
746 5948
747 5949
748 5950
749 5951
750 5952
751 5953
752 5954
753 5955
754 5956
755 5957
756 5958
757 5959
758 5960
759 5961
760 5962
761 5963
762 5964
763 5965
764 5966
765 5967
766 5968
767 5969
768 5970
769 5971
770 5973
771 5974
772 5975
773 5976
774 5977
775 5978
776 5979
777 5980
778 5981
779 5982
780 5983
781 5984
782 5985
783 5986
784 5987
785 5988
786 5989
787 5990
788 5991
789 5992
790 5993
791 5994
792 5995
793 5996
794 5997
795 5998
796 5999
797 6001
798 6002
799 6003
800 6004
801 6005
802 6006
803 6007
804 6008
805 6009
806 6010
807 6011
808 6012
809 6013
810 6014
811 6015
812 6019
813 6020
814 6021
815 6022
816 6023
817 6024
818 6025
819 6026
820 6027
821 6028
822 6029
823 6030
824 6031
825 6032
826 6033
827 6034
828 6035
829 6036
830 6037
831 6038
832 6039
833 6043
834 6044
835 6047
836 6048
837 6049
838 6050
839 6051
840 6052
841 6053
842 6054
843 6055
844 6056
845 6063
846 6064
847 6065
848 6066
849 6067
850 6068
851 6069
852 6070
853 6071
854 6072
855 6073
856 6074
857 6075
858 6076
859 6077
860 6078
861 6079
862 6080
863 6081
864 6082
865 6083
866 6084
867 6086
868 6088
869 6093
870 6094
871 6096
872 6097
873 6098
874 6099
875 6100
876 6101
877 6102
878 6103
879 6104
880 6105
881 6106
882 6107
883 6108
884 6110
885 6111
886 6112
887 6113
888 6114
889 6115
890 6116
891 6117
892 6118
893 6119
894 6120
895 6121
896 6122
897 6123
898 6124
899 6125
900 6126
901 6128
902 6129
903 6130
904 6131
905 6132
906 6133
907 6134
908 6136
909 6137
910 6138
911 6139
912 6140
913 6141
914 6142
915 6143
916 6144
917 6145
918 6146
919 6147
920 6148
921 6149
922 6150
923 6151
924 6152
925 6153
926 6155
927 6156
928 6157
929 6158
930 6159
931 6160
932 6161
933 6163
934 6164
935 6165
936 6166
937 6167
938 6168
939 6169
940 6170
941 6171
942 6172
943 6173
944 6174
945 6175
946 6176
947 6177
948 6178
949 6179
950 6180
951 6181
952 6182
953 6183
954 6184
955 6185
956 6186
957 6187
958 6188
959 6189
960 6191
961 6192
962 6193
963 6194
964 6195
965 6196
966 6197
967 6198
968 6199
969 6200
970 6201
971 6202
972 6203
973 6204
974 6205
975 6206
976 6207
977 6208
978 6209
979 6211
980 6212
981 6213
982 6214
983 6215
984 6216
985 6219
986 6221
987 6222
988 6223
989 6224
990 6225
991 6226
992 6227
993 6228
994 6229
995 6230
996 6231
997 6232
998 6233
999 6234
1000 6235
1001 6236
1002 6237
1003 6238
1004 6239
1005 6240
1006 6241
1007 6242
1008 6243
1009 6244
1010 6245
1011 6246
1012 6247
1013 6248
1014 6249
1015 6250
1016 6251
1017 6252
1018 6253
1019 6254
1020 6255
1021 6256
1022 6257
1023 6258
1024 6259
1025 6260
1026 6261
1027 6262
1028 6263
1029 6264
1030 6265
1031 6266
1032 6267
1033 6268
1034 6269
1035 6270
1036 6271
1037 6272
1038 6273
1039 6274
1040 6275
1041 6276
1042 6277
1043 6278
1044 6279
1045 6280
1046 6281
1047 6285
1048 6288
1049 6289
1050 6290
1051 6291
1052 6292
1053 6293
1054 6294
1055 6297
1056 6298
1057 6299
1058 6300
1059 6301
1060 6302
1061 6303
1062 6304
1063 6305
1064 6306
1065 6308
1066 6309
1067 6310
1068 6311
1069 6312
1070 6313
1071 6314
1072 6315
1073 6316
1074 6317
1075 6318
1076 6319
1077 6320
1078 6321
1079 6322
1080 6323
1081 6324
1082 6325
1083 6326
1084 6327
1085 6328
1086 6329
1087 6330
1088 6332
1089 6333
1090 6334
1091 6335
1092 6336
1093 6337
1094 6338
1095 6339
1096 6340
1097 6341
1098 6342
1099 6343
1100 6344
1101 6345
1102 6346
1103 6347
1104 6348
1105 6349
1106 6350
1107 6351
1108 6353
1109 6354
1110 6355
1111 6356
1112 6357
1113 6358
1114 6359
1115 6360
1116 6361
1117 6362
1118 6363
1119 6364
1120 6365
1121 6366
1122 6367
1123 6368
1124 6369
1125 6370
1126 6371
1127 6372
1128 6373
1129 6374
1130 6375
1131 6377
1132 6378
1133 6379
1134 6380
1135 6381
1136 6382
1137 6383
1138 6384
1139 6385
1140 6386
1141 6387
1142 6388
1143 6389
1144 6390
1145 6393
1146 6394
1147 6395
1148 6396
1149 6398
1150 6399
1151 6400
1152 6401
1153 6403
1154 6404
1155 6405
1156 6406
1157 6407
1158 6408
1159 6409
1160 6410
1161 6411
1162 6412
1163 6413
1164 6414
1165 6415
1166 6416
1167 6417
1168 6418
1169 6419
1170 6420
1171 6421
1172 6422
1173 6423
1174 6424
1175 6425
1176 6426
1177 6427
1178 6428
1179 6429
1180 6430
1181 6431
1182 6432
1183 6433
1184 6434
1185 6435
1186 6436
1187 6437
1188 6438
1189 6439
1190 6440
1191 6441
1192 6442
1193 6443
1194 6444
1195 6445
1196 6446
1197 6447
1198 6448
1199 6449
1200 6450
1201 6451
1202 6452
1203 6453
1204 6454
1205 6455
1206 6456
1207 6457
1208 6458
1209 6459
1210 6460
1211 6461
1212 6462
1213 6467
1214 6468
1215 6469
1216 6470
1217 6471
1218 6472
1219 6473
1220 6474
1221 6475
1222 6476
1223 6477
1224 6478
1225 6479
1226 6480
1227 6481
1228 6482
1229 6483
1230 6484
1231 6485
1232 6486
1233 6487
1234 6488
1235 6489
1236 6490
1237 6491
1238 6492
1239 6493
1240 6494
1241 6495
1242 6496
1243 6497
1244 6498
1245 6499
1246 6500
1247 6501
1248 6502
1249 6503
1250 6504
1251 6505
1252 6506
1253 6507
1254 6508
1255 6509
1256 6510
1257 6511
1258 6512
1259 6513
1260 6514
1261 6515
1262 6516
1263 6517
1264 6518
1265 6519
1266 6520
1267 6521
1268 6522
1269 6523
1270 6524
1271 6525
1272 6526
1273 6527
1274 6528
1275 6529
1276 6530
1277 6531
1278 6532
1279 6533
1280 6534
1281 6535
1282 6536
1283 6537
1284 6538
1285 6539
1286 6540
1287 6541
1288 6542
1289 6543
1290 6544
1291 6545
1292 6546
1293 6547
1294 6549
1295 6551
1296 6552
1297 6553
1298 6554
1299 6555
1300 6559
1301 6560
1302 6561
1303 6562
1304 6563
1305 6564
1306 6565
1307 6566
1308 6567
1309 6568
1310 6569
1311 6570
1312 6571
1313 6572
1314 6573
1315 6574
1316 6576
1317 6579
