1 6580
2 6581
3 6583
4 6584
5 6585
6 6586
7 6587
8 6588
9 6589
10 6590
11 6591
12 6592
13 6593
14 6594
15 6595
16 6596
17 6597
18 6598
19 6599
20 6600
21 6606
22 6607
23 6608
24 6609
25 6610
26 6611
27 6617
28 6618
29 6619
30 6620
31 6621
32 6622
33 6625
34 6626
35 6627
36 6628
37 6629
38 6630
39 6631
40 6632
41 6633
42 6634
43 6635
44 6636
45 6637
46 6638
47 6639
48 6640
49 6641
50 6642
51 6643
52 6644
53 6645
54 6646
55 6647
56 6648
57 6649
58 6650
59 6651
60 6652
61 6653
62 6654
63 6655
64 6656
65 6657
66 6658
67 6659
68 6660
69 6661
70 6662
71 6664
72 6665
73 6666
74 6667
75 6668
76 6669
77 6670
78 6671
79 6672
80 6673
81 6674
82 6675
83 6677
84 6678
85 6679
86 6680
87 6681
88 6682
89 6683
90 6684
91 6685
92 6686
93 6687
94 6688
95 6689
96 6690
97 6691
98 6693
99 6695
100 6696
101 6697
102 6698
103 6699
104 6701
105 6702
106 6703
107 6705
108 6706
109 6707
110 6708
111 6709
112 6710
113 6711
114 6712
115 6713
116 6714
117 6715
118 6716
119 6717
120 6718
121 6719
122 6720
123 6721
124 6722
125 6723
126 6724
127 6725
128 6726
129 6733
130 6734
131 6735
132 6736
133 6737
134 6739
135 6742
136 6743
137 6746
138 6748
139 6749
140 6750
141 6751
142 6752
143 6753
144 6755
145 6757
146 6758
147 6759
148 6760
149 6761
150 6762
151 6763
152 6765
153 6766
154 6768
155 6769
156 6770
157 6771
158 6772
159 6773
160 6774
161 6775
162 6776
163 6777
164 6778
165 6779
166 6780
167 6781
168 6782
169 6783
170 6784
171 6785
172 6786
173 6788
174 6789
175 6790
176 6791
177 6792
178 6793
179 6797
180 6799
181 6800
182 6801
183 6802
184 6803
185 6804
186 6805
187 6808
188 6809
189 6811
190 6813
191 6814
192 6816
193 6817
194 6821
195 6825
196 6826
197 6827
198 6828
199 6829
200 6830
201 6831
202 6832
203 6833
204 6834
205 6835
206 6836
207 6837
208 6838
209 6839
210 6840
211 6842
212 6844
213 6845
214 6846
215 6848
216 6854
217 6855
218 6856
219 6857
220 6858
221 6859
222 6860
223 6861
224 6863
225 6864
226 6865
227 6866
228 6867
229 6868
230 6869
231 6870
232 6871
233 6872
234 6873
235 6874
236 6875
237 6876
238 6877
239 6878
240 6879
241 6880
242 6881
243 6882
244 6883
245 6884
246 6886
247 6887
248 6888
249 6889
250 6890
251 6891
252 6892
253 6893
254 6894
255 6895
256 6896
257 6897
258 6898
259 6899
260 6901
261 6902
262 6903
263 6904
264 6905
265 6906
266 6908
267 6916
268 6917
269 6919
270 6920
271 6921
272 6922
273 6923
274 6924
275 6925
276 6926
277 6927
278 6928
279 6929
280 6930
281 6931
282 6932
283 6933
284 6934
285 6935
286 6936
287 6937
288 6938
289 6939
290 6940
291 6941
292 6942
293 6943
294 6944
295 6945
296 6946
297 6948
298 6949
299 6950
300 6951
301 6952
302 6953
303 6954
304 6955
305 6956
306 6957
307 6959
308 6960
309 6965
310 6967
311 6968
312 6969
313 6970
314 6971
315 6972
316 6973
317 6974
318 6975
319 6976
320 6977
321 6978
322 6979
323 6980
324 6981
325 6982
326 6983
327 6984
328 6985
329 6991
330 6992
331 6993
332 6994
333 6995
334 6996
335 6997
336 7000
337 7001
338 7002
339 7003
340 7004
341 7006
342 7007
343 7008
344 7009
345 7010
346 7011
347 7012
348 7013
349 7014
350 7015
351 7016
352 7017
353 7018
354 7019
355 7021
356 7026
357 7027
358 7028
359 7029
360 7030
361 7032
362 7033
363 7034
364 7035
365 7036
366 7037
367 7038
368 7039
369 7040
370 7041
371 7042
372 7043
373 7044
374 7045
375 7046
376 7049
377 7050
378 7051
379 7052
380 7062
381 7063
382 7067
383 7068
384 7069
385 7072
386 7073
387 7074
388 7075
389 7076
390 7077
391 7078
392 7079
393 7080
394 7081
395 7082
396 7083
397 7084
398 7085
399 7086
400 7087
401 7088
402 7089
403 7090
404 7091
405 7092
406 7093
407 7094
408 7095
409 7096
410 7097
411 7098
412 7099
413 7100
414 7101
415 7102
416 7103
417 7104
418 7105
419 7109
420 7110
421 7111
422 7112
423 7113
424 7114
425 7116
426 7117
427 7118
428 7119
429 7120
430 7121
431 7122
432 7123
433 7124
434 7125
435 7126
436 7128
437 7130
438 7131
439 7132
440 7133
441 7134
442 7135
443 7136
444 7137
445 7138
446 7139
447 7140
448 7141
449 7142
450 7143
451 7144
452 7145
453 7146
454 7148
455 7151
456 7154
457 7155
458 7157
459 7158
460 7159
461 7160
462 7161
463 7163
464 7164
465 7165
466 7166
467 7167
468 7168
469 7169
470 7170
471 7171
472 7174
473 7175
474 7176
475 7177
476 7178
477 7182
478 7183
479 7184
480 7185
481 7186
482 7187
483 7188
484 7189
485 7191
486 7192
487 7193
488 7194
489 7196
490 7197
491 7198
492 7200
493 7201
494 7202
495 7203
496 7204
497 7206
498 7207
499 7208
500 7209
501 7210
502 7211
503 7212
504 7213
505 7214
506 7215
507 7216
508 7217
509 7219
510 7220
511 7222
512 7224
513 7225
514 7228
515 7229
516 7230
517 7231
518 7235
519 7239
520 7240
521 7244
522 7245
523 7246
524 7247
525 7248
526 7249
527 7250
528 7252
529 7254
530 7255
531 7257
532 7258
533 7260
534 7261
535 7262
536 7273
537 7274
538 7275
539 7276
540 7277
541 7278
542 7286
543 7287
544 7288
545 7289
546 7290
547 7292
548 7300
549 7305
550 7307
551 7308
552 7311
553 7312
554 7313
555 7314
556 7315
557 7316
558 7317
559 7318
560 7319
561 7320
562 7322
563 7323
564 7324
565 7325
566 7326
567 7327
568 7328
569 7329
570 7330
571 7331
572 7332
573 7333
574 7334
575 7335
576 7336
577 7337
578 7338
579 7339
580 7340
581 7341
582 7342
583 7343
584 7344
585 7345
586 7346
587 7347
588 7348
589 7349
590 7350
591 7351
592 7352
593 7353
594 7354
595 7355
596 7356
597 7357
598 7358
599 7359
600 7360
601 7361
602 7362
603 7363
604 7364
605 7365
606 7366
607 7367
608 7368
609 7369
610 7370
611 7371
612 7372
613 7373
614 7374
615 7375
616 7376
617 7377
618 7378
619 7379
620 7380
621 7381
622 7384
623 7385
624 7386
625 7387
626 7389
627 7390
628 7391
629 7392
630 7394
631 7395
632 7396
633 7397
634 7398
635 7399
636 7400
637 7401
638 7402
639 7403
640 7404
641 7405
642 7406
643 7407
644 7408
645 7409
646 7410
647 7411
648 7412
649 7413
650 7414
651 7415
652 7416
653 7417
654 7418
655 7419
656 7420
657 7421
658 7422
659 7423
660 7424
661 7425
662 7426
663 7427
664 7428
665 7429
666 7430
667 7431
668 7432
669 7433
670 7434
671 7435
672 7436
673 7437
674 7438
675 7439
676 7440
677 7441
678 7442
679 7443
680 7444
681 7445
682 7446
683 7447
684 7448
685 7449
686 7450
687 7451
688 7452
689 7453
690 7454
691 7455
692 7456
693 7457
694 7458
695 7460
696 7461
697 7462
698 7463
699 7464
700 7465
701 7466
702 7467
703 7468
704 7471
705 7472
706 7473
707 7474
708 7475
709 7476
710 7477
711 7478
712 7480
713 7481
714 7484
715 7485
716 7486
717 7487
718 7488
719 7497
720 7498
721 7499
722 7501
723 7502
724 7503
725 7504
726 7505
727 7506
728 7507
729 7513
730 7514
731 7515
732 7516
733 7517
734 7521
735 7523
736 7526
737 7530
738 7531
739 7532
740 7534
741 7537
742 7538
743 7539
744 7540
745 7542
746 7543
747 7544
748 7545
749 7546
750 7547
751 7548
752 7550
753 7551
754 7552
755 7553
756 7555
757 7556
758 7566
759 7570
760 7571
761 7573
762 7577
763 7579
764 7581
765 7583
766 7584
767 7585
768 7586
769 7587
770 7588
771 7589
772 7591
773 7592
774 7593
775 7594
776 7595
777 7596
778 7598
779 7600
780 7601
781 7602
782 7604
783 7605
784 7606
785 7608
786 7609
787 7610
788 7611
789 7613
790 7614
791 7616
792 7618
793 7620
794 7621
795 7622
796 7623
797 7624
798 7625
799 7626
800 7627
801 7628
802 7629
803 7630
804 7631
805 7632
806 7633
807 7634
808 7635
809 7636
810 7637
811 7638
812 7639
813 7640
814 7641
815 7642
816 7643
817 7645
818 7647
819 7648
820 7649
821 7650
822 7651
823 7652
824 7653
825 7654
826 7655
827 7656
828 7657
829 7662
830 7663
831 7664
832 7665
833 7666
834 7667
835 7668
836 7669
837 7670
838 7671
839 7672
840 7673
841 7674
842 7675
843 7676
844 7677
845 7678
846 7679
847 7680
848 7681
849 7682
850 7683
851 7684
852 7685
853 7686
854 7687
855 7688
856 7689
857 7690
858 7691
859 7692
860 7693
861 7694
862 7695
863 7696
864 7698
865 7699
866 7700
867 7701
868 7702
869 7703
870 7704
871 7705
872 7706
873 7707
874 7708
875 7715
876 7718
877 7720
878 7725
879 7726
880 7727
881 7728
882 7730
883 7731
884 7732
885 7733
886 7734
887 7736
888 7739
889 7740
890 7741
891 7743
892 7745
893 7746
894 7747
895 7748
896 7750
897 7751
898 7752
899 7753
900 7754
901 7755
902 7756
903 7757
904 7758
905 7759
906 7760
907 7761
908 7762
909 7763
910 7764
911 7765
912 7766
913 7767
914 7769
915 7770
916 7771
917 7772
918 7773
919 7774
920 7775
921 7776
922 7777
923 7778
924 7779
925 7780
926 7781
927 7782
928 7783
929 7784
930 7785
931 7786
932 7787
933 7788
934 7789
935 7790
936 7791
937 7792
938 7793
939 7795
940 7796
941 7797
942 7798
943 7799
944 7800
945 7803
946 7804
947 7805
948 7807
949 7808
950 7809
951 7810
952 7811
953 7812
954 7813
955 7815
956 7816
957 7817
958 7818
959 7819
960 7820
961 7821
962 7822
963 7823
964 7824
965 7830
966 7831
967 7832
968 7833
969 7837
970 7838
971 7839
972 7840
973 7841
974 7842
975 7843
976 7844
977 7846
978 7847
979 7848
980 7849
981 7853
982 7854
983 7855
984 7858
985 7860
986 7861
987 7862
988 7864
989 7865
990 7867
991 7868
992 7869
993 7870
994 7871
995 7872
996 7873
997 7874
998 7875
999 7876
1000 7878
1001 7879
1002 7880
1003 7881
1004 7882
1005 7883
1006 7884
1007 7885
1008 7887
1009 7889
1010 7892
1011 7893
1012 7895
1013 7896
1014 7899
1015 7900
1016 7901
1017 7902
1018 7903
1019 7904
1020 7905
1021 7906
1022 7910
1023 7911
1024 7912
1025 7913
1026 7915
1027 7916
1028 7919
1029 7921
1030 7922
1031 7923
1032 7925
1033 7926
1034 7927
1035 7928
1036 7930
1037 7932
1038 7933
1039 7938
1040 7939
1041 7942
1042 7944
1043 7945
1044 7946
1045 7948
1046 7949
1047 7950
1048 7951
1049 7952
1050 7953
1051 7954
1052 7955
1053 7956
1054 7957
1055 7958
1056 7959
1057 7960
1058 7962
1059 7964
1060 7966
1061 7967
1062 7968
1063 7969
1064 7971
1065 7972
1066 7974
1067 7975
1068 7976
1069 7978
1070 7979
1071 7983
1072 7984
1073 7985
1074 7986
1075 7987
1076 7988
1077 7991
1078 7992
1079 7993
1080 7994
1081 7995
1082 7996
1083 7997
1084 7998
1085 8000
1086 8001
1087 8002
1088 8003
1089 8005
1090 8006
1091 8007
1092 8008
1093 8009
1094 8010
1095 8011
1096 8012
1097 8014
1098 8015
1099 8016
1100 8017
1101 8018
1102 8020
1103 8021
1104 8022
1105 8023
1106 8024
1107 8025
1108 8026
1109 8027
1110 8028
1111 8029
1112 8030
1113 8032
1114 8034
1115 8035
1116 8036
1117 8037
1118 8038
1119 8039
1120 8040
1121 8041
1122 8042
1123 8043
1124 8044
1125 8045
1126 8046
1127 8047
1128 8048
1129 8049
1130 8050
1131 8051
1132 8052
1133 8054
1134 8055
1135 8056
1136 8057
1137 8059
1138 8060
1139 8061
1140 8062
1141 8063
1142 8065
1143 8066
1144 8067
1145 8068
1146 8069
1147 8070
1148 8071
1149 8072
1150 8073
1151 8074
1152 8075
1153 8077
1154 8079
1155 8080
1156 8081
1157 8082
1158 8084
1159 8087
1160 8089
1161 8090
1162 8091
1163 8092
1164 8093
1165 8094
1166 8095
1167 8096
1168 8097
1169 8098
1170 8104
1171 8105
1172 8106
1173 8107
1174 8108
1175 8109
1176 8110
1177 8112
1178 8115
1179 8119
1180 8120
1181 8121
1182 8125
1183 8126
1184 8127
1185 8128
1186 8130
1187 8131
1188 8133
1189 8134
1190 8139
1191 8140
1192 8141
1193 8142
1194 8143
1195 8145
1196 8146
1197 8147
1198 8148
1199 8149
1200 8151
1201 8153
1202 8154
1203 8156
1204 8157
1205 8159
1206 8160
1207 8161
